#1 observer-frame phase [day]
#2 HSC g mag (AB)
#3 HSC r mag (AB)
#4 HSC i mag (AB)
#5 HSC z mag (AB)
#6 HSC y mag (AB)
-200.000 30.0000 30.0000 30.0000 30.0000 30.0000
-20.000 30.0000 30.0000 30.0000 30.0000 30.0000
-19.000 -10.4050 -10.2740 -10.0030 -9.8910 -9.8210
-18.000 -12.8200 -12.7590 -12.4330 -12.5310 -12.1540
-17.000 -13.9450 -13.8860 -13.5580 -13.6600 -13.2750
-16.000 -14.6820 -14.6240 -14.2960 -14.3970 -14.0100
-15.000 -15.2320 -15.1740 -14.8460 -14.9460 -14.5560
-14.000 -15.6870 -15.6130 -15.2930 -15.3950 -15.0240
-13.000 -16.0650 -15.9750 -15.6610 -15.7570 -15.4050
-12.000 -16.3820 -16.2850 -15.9750 -16.0690 -15.7240
-11.000 -16.6590 -16.5570 -16.2520 -16.3230 -16.0030
-10.000 -16.9080 -16.7970 -16.5030 -16.5170 -16.2630
 -9.000 -17.1370 -17.0070 -16.7190 -16.6860 -16.4830
 -8.000 -17.3370 -17.1890 -16.8930 -16.8390 -16.6830
 -7.000 -17.5040 -17.3450 -17.0320 -16.9810 -16.8580
 -6.000 -17.6560 -17.4770 -17.1380 -17.1070 -16.9830
 -5.000 -17.7870 -17.5850 -17.2140 -17.2230 -17.0760
 -4.000 -17.8770 -17.6730 -17.2580 -17.3030 -17.1410
 -3.000 -17.9310 -17.7440 -17.2790 -17.3410 -17.1780
 -2.000 -17.9710 -17.7960 -17.2830 -17.3720 -17.1750
 -1.000 -18.0000 -17.8330 -17.2690 -17.4070 -17.1300
  0.000 -18.0160 -17.8580 -17.2470 -17.4180 -17.0710
  1.000 -18.0220 -17.8690 -17.2210 -17.4040 -17.0050
  2.000 -18.0140 -17.8710 -17.1920 -17.3720 -16.9460
  3.000 -17.9960 -17.8590 -17.1620 -17.3230 -16.9080
  4.000 -17.9690 -17.8390 -17.1150 -17.2840 -16.8490
  5.000 -17.9350 -17.8090 -17.0570 -17.2550 -16.7800
  6.000 -17.8930 -17.7650 -16.9940 -17.2190 -16.7190
  7.000 -17.8420 -17.7120 -16.9260 -17.1800 -16.6640
  8.000 -17.7870 -17.6530 -16.8560 -17.1540 -16.6200
  9.000 -17.7280 -17.5890 -16.7910 -17.1420 -16.5930
 10.000 -17.6590 -17.5230 -16.7180 -17.1350 -16.5500
 11.000 -17.5780 -17.4570 -16.6390 -17.1330 -16.4950
 12.000 -17.4990 -17.3910 -16.5820 -17.1260 -16.4700
 13.000 -17.4270 -17.3250 -16.5450 -17.1200 -16.4680
 14.000 -17.3560 -17.2620 -16.5260 -17.1270 -16.4760
 15.000 -17.2760 -17.2130 -16.5100 -17.1620 -16.5020
 16.000 -17.1920 -17.1770 -16.5050 -17.2070 -16.5390
 17.000 -17.1070 -17.1480 -16.5150 -17.2490 -16.5770
 18.000 -17.0230 -17.1250 -16.5320 -17.2830 -16.6140
 19.000 -16.9390 -17.1070 -16.5530 -17.3200 -16.6540
 20.000 -16.8490 -17.0950 -16.5810 -17.3430 -16.6870
 21.000 -16.7550 -17.0870 -16.6130 -17.3450 -16.7060
 22.000 -16.6600 -17.0770 -16.6400 -17.3460 -16.7260
 23.000 -16.5670 -17.0620 -16.6580 -17.3470 -16.7490
 24.000 -16.4910 -17.0390 -16.6710 -17.3530 -16.8190
 25.000 -16.4160 -17.0120 -16.6770 -17.3520 -16.8830
 26.000 -16.3420 -16.9800 -16.6770 -17.3440 -16.9420
 27.000 -16.2680 -16.9430 -16.6720 -17.3230 -16.9830
 28.000 -16.1970 -16.8970 -16.6580 -17.2820 -16.9950
 29.000 -16.1270 -16.8450 -16.6350 -17.2310 -16.9990
 30.000 -16.0590 -16.7880 -16.6040 -17.1690 -16.9950
 31.000 -15.9940 -16.7250 -16.5620 -17.1000 -16.9810
 32.000 -15.9360 -16.6550 -16.5100 -17.0350 -16.9480
 33.000 -15.8790 -16.5820 -16.4510 -16.9600 -16.9060
 34.000 -15.8230 -16.5060 -16.3850 -16.8760 -16.8530
 35.000 -15.7680 -16.4300 -16.3150 -16.7800 -16.7880
 36.000 -15.7060 -16.3610 -16.2340 -16.7040 -16.7280
 37.000 -15.6420 -16.2990 -16.1490 -16.6290 -16.6620
 38.000 -15.5800 -16.2430 -16.0660 -16.5470 -16.5890
 39.000 -15.5200 -16.1940 -15.9890 -16.4650 -16.5150
 40.000 -15.4730 -16.1460 -15.9180 -16.3840 -16.4430
 41.000 -15.4350 -16.1030 -15.8550 -16.3080 -16.3770
 42.000 -15.4020 -16.0620 -15.8000 -16.2380 -16.3180
 43.000 -15.3750 -16.0240 -15.7500 -16.1740 -16.2650
 44.000 -15.3520 -15.9860 -15.7060 -16.1170 -16.2210
 45.000 -15.3330 -15.9460 -15.6660 -16.0650 -16.1820
 46.000 -15.3160 -15.9080 -15.6310 -16.0130 -16.1440
 47.000 -15.3010 -15.8670 -15.5970 -15.9630 -16.1060
 48.000 -15.2880 -15.8260 -15.5650 -15.9120 -16.0630
 49.000 -15.2740 -15.7870 -15.5320 -15.8540 -16.0130
 50.000 -15.2580 -15.7510 -15.4990 -15.7850 -15.9550
 51.000 -15.2430 -15.7170 -15.4640 -15.7110 -15.8910
 52.000 -15.2260 -15.6820 -15.4310 -15.6320 -15.8240
 53.000 -15.2100 -15.6480 -15.3960 -15.5540 -15.7580
 54.000 -15.1900 -15.6160 -15.3510 -15.5180 -15.7210
 55.000 -15.1700 -15.5850 -15.3050 -15.4810 -15.6830
 56.000 -15.1510 -15.5530 -15.2590 -15.4450 -15.6470
 57.000 -15.1310 -15.5210 -15.2130 -15.4090 -15.6100
 58.000 -15.1120 -15.4890 -15.1680 -15.3740 -15.5740
 59.000 -15.0910 -15.4560 -15.1210 -15.3380 -15.5370
 60.000 -15.0720 -15.4250 -15.0750 -15.3030 -15.4990
 61.000 -15.0520 -15.3930 -15.0300 -15.2680 -15.4620
 62.000 -15.0350 -15.3610 -14.9880 -15.2170 -15.4150
 63.000 -15.0190 -15.3290 -14.9480 -15.1640 -15.3680
 64.000 -15.0020 -15.2970 -14.9080 -15.1100 -15.3200
 65.000 -14.9860 -15.2640 -14.8680 -15.0550 -15.2710
 66.000 -14.9710 -15.2320 -14.8290 -15.0020 -15.2250
 67.000 -14.9540 -15.2000 -14.7900 -14.9470 -15.1790
 68.000 -14.9390 -15.1660 -14.7510 -14.8940 -15.1350
 69.000 -14.9230 -15.1330 -14.7130 -14.8390 -15.0930
 70.000 -14.9090 -15.1000 -14.6760 -14.7850 -15.0520
 71.000 -14.8940 -15.0660 -14.6390 -14.7320 -15.0170
 72.000 -14.8800 -15.0320 -14.6030 -14.6780 -14.9840
 73.000 -14.8660 -14.9960 -14.5680 -14.6270 -14.9570
 74.000 -14.8520 -14.9610 -14.5340 -14.5740 -14.9330
 75.000 -14.8350 -14.9300 -14.4940 -14.5210 -14.8780
 76.000 -14.8180 -14.8960 -14.4530 -14.4680 -14.8230
 77.000 -14.8010 -14.8640 -14.4120 -14.4150 -14.7690
 78.000 -14.7830 -14.8320 -14.3720 -14.3630 -14.7150
 79.000 -14.7660 -14.7980 -14.3310 -14.3110 -14.6620
 80.000 -14.7490 -14.7660 -14.2920 -14.2600 -14.6110
 81.000 -14.7320 -14.7330 -14.2520 -14.2090 -14.5590
 82.000 -14.7160 -14.6990 -14.2120 -14.1590 -14.5090
 83.000 -14.6990 -14.6660 -14.1740 -14.1100 -14.4610
 84.000 -14.6820 -14.6320 -14.1350 -14.0600 -14.4130
 85.000 -14.6660 -14.5970 -14.0970 -14.0130 -14.3690
975.951  0.1238 15.5172 20.6501 30.0000 28.7530
1001.715  0.5515 16.3880 21.6549 30.0000 30.0000
1215.692  4.1035 23.6204 30.0000 30.0000 30.0000
1404.438  7.2367 30.0000 30.0000 30.0000 30.0000
2775.723 30.0000 30.0000 30.0000 30.0000 30.0000
