#1 observer-frame phase [day]
#2 HSC g mag (AB)
#3 HSC r mag (AB)
#4 HSC i mag (AB)
#5 HSC z mag (AB)
#6 HSC y mag (AB)
-200.000 30.0000 30.0000 30.0000 30.0000 30.0000
-21.000 30.0000 30.0000 30.0000 30.0000 30.0000
-19.950 26.2250 26.3700 26.6260 26.7630 26.8180
-18.900 23.7860 23.8880 24.1900 24.1410 24.3510
-17.850 22.6600 22.7610 23.0650 23.0120 23.2270
-16.800 21.9230 22.0240 22.3260 22.2740 22.4910
-15.750 21.3730 21.4740 21.7760 21.7240 21.9440
-14.700 20.9210 21.0390 21.3170 21.2870 21.4700
-13.650 20.5510 20.6780 20.9430 20.9300 21.0920
-12.600 20.2370 20.3680 20.6270 20.6200 20.7740
-11.550 19.9610 20.0960 20.3500 20.3640 20.5080
-10.500 19.7130 19.8560 20.0990 20.1610 20.2850
 -9.450 19.4830 19.6450 19.8820 19.9850 20.0950
 -8.400 19.2780 19.4610 19.7050 19.8330 19.9150
 -7.350 19.1040 19.3020 19.5640 19.6990 19.7510
 -6.300 18.9530 19.1680 19.4520 19.5870 19.6200
 -5.250 18.8280 19.0570 19.3710 19.4900 19.5090
 -4.200 18.7410 18.9620 19.3250 19.4230 19.4350
 -3.150 18.6870 18.8830 19.3030 19.3860 19.4000
 -2.100 18.6490 18.8260 19.2950 19.3590 19.3960
 -1.050 18.6230 18.7850 19.3030 19.3330 19.4180
  0.000 18.6110 18.7590 19.3140 19.3290 19.4520
  1.050 18.6110 18.7460 19.3280 19.3440 19.4960
  2.100 18.6230 18.7430 19.3450 19.3800 19.5370
  3.150 18.6470 18.7520 19.3630 19.4410 19.5650
  4.200 18.6820 18.7690 19.3990 19.4880 19.6130
  5.250 18.7260 18.7940 19.4490 19.5210 19.6700
  6.300 18.7800 18.8280 19.5090 19.5620 19.7290
  7.350 18.8430 18.8690 19.5770 19.6070 19.7930
  8.400 18.9140 18.9160 19.6450 19.6560 19.8380
  9.450 18.9910 18.9690 19.7040 19.7180 19.8480
 10.500 19.0770 19.0220 19.7800 19.7580 19.8700
 11.550 19.1730 19.0760 19.8720 19.7760 19.9010
 12.600 19.2670 19.1360 19.9410 19.8000 19.9130
 13.650 19.3570 19.1970 19.9880 19.8260 19.9070
 14.700 19.4470 19.2570 20.0190 19.8440 19.8870
 15.750 19.5450 19.3090 20.0420 19.8260 19.8500
 16.800 19.6480 19.3510 20.0540 19.7920 19.8070
 17.850 19.7520 19.3890 20.0500 19.7620 19.7650
 18.900 19.8530 19.4230 20.0340 19.7430 19.7280
 19.950 19.9560 19.4530 20.0140 19.7230 19.6880
 21.000 20.0610 19.4800 19.9850 19.7110 19.6650
 22.050 20.1670 19.5050 19.9510 19.7130 19.6670
 23.100 20.2710 19.5320 19.9230 19.7160 19.6700
 24.150 20.3740 19.5610 19.9060 19.7210 19.6690
 25.200 20.4590 19.5950 19.8930 19.7290 19.6290
 26.250 20.5410 19.6340 19.8870 19.7470 19.5930
 27.300 20.6160 19.6770 19.8840 19.7740 19.5610
 28.350 20.6880 19.7260 19.8890 19.8070 19.5530
 29.400 20.7600 19.7780 19.9060 19.8380 19.5880
 30.450 20.8260 19.8360 19.9300 19.8790 19.6330
 31.500 20.8890 19.8980 19.9620 19.9300 19.6860
 32.550 20.9470 19.9640 20.0060 19.9880 19.7470
 33.600 21.0010 20.0320 20.0660 20.0390 19.8020
 34.650 21.0550 20.1020 20.1350 20.0970 19.8680
 35.700 21.1090 20.1720 20.2120 20.1630 19.9450
 36.750 21.1620 20.2410 20.2920 20.2370 20.0340
 37.800 21.2220 20.3030 20.3780 20.3150 20.1050
 38.850 21.2840 20.3590 20.4650 20.4010 20.1760
 39.900 21.3430 20.4100 20.5470 20.4920 20.2550
 40.950 21.4000 20.4550 20.6220 20.5830 20.3340
 42.000 21.4460 20.4990 20.6910 20.6680 20.4100
 43.050 21.4830 20.5390 20.7500 20.7470 20.4810
 44.100 21.5140 20.5770 20.8040 20.8200 20.5440
 45.150 21.5390 20.6120 20.8530 20.8870 20.6020
 46.200 21.5590 20.6460 20.8980 20.9480 20.6510
 47.250 21.5750 20.6810 20.9410 21.0030 20.6940
 48.300 21.5890 20.7160 20.9780 21.0560 20.7370
 49.350 21.6020 20.7520 21.0160 21.1060 20.7780
 50.400 21.6120 20.7870 21.0530 21.1570 20.8210
 51.450 21.6230 20.8210 21.0890 21.2140 20.8710
 52.500 21.6370 20.8520 21.1250 21.2800 20.9300
 53.550 21.6510 20.8830 21.1610 21.3510 20.9940
 54.600 21.6660 20.9120 21.1960 21.4260 21.0620
 55.650 21.6810 20.9420 21.2320 21.5010 21.1270
 56.700 21.6990 20.9710 21.2770 21.5420 21.1550
 57.750 21.7170 21.0000 21.3220 21.5850 21.1840
 58.800 21.7340 21.0280 21.3670 21.6260 21.2120
 59.850 21.7520 21.0580 21.4130 21.6670 21.2400
 60.900 21.7680 21.0860 21.4580 21.7080 21.2670
 61.950 21.7860 21.1160 21.5040 21.7480 21.2950
 63.000 21.8040 21.1440 21.5500 21.7890 21.3230
 64.050 21.8220 21.1730 21.5950 21.8280 21.3510
 65.100 21.8360 21.2040 21.6340 21.8810 21.3970
 66.150 21.8510 21.2340 21.6720 21.9340 21.4450
 67.200 21.8650 21.2640 21.7090 21.9880 21.4930
 68.250 21.8790 21.2950 21.7470 22.0430 21.5420
 69.300 21.8930 21.3260 21.7840 22.0970 21.5880
 70.350 21.9080 21.3570 21.8200 22.1520 21.6360
 71.400 21.9210 21.3880 21.8570 22.2060 21.6790
 72.450 21.9350 21.4190 21.8920 22.2630 21.7230
 73.500 21.9480 21.4500 21.9270 22.3190 21.7650
 74.550 21.9620 21.4830 21.9620 22.3750 21.8030
 75.600 21.9750 21.5150 21.9960 22.4320 21.8380
 76.650 21.9880 21.5470 22.0300 22.4890 21.8680
 77.700 22.0010 21.5800 22.0620 22.5490 21.8960
 78.750 22.0160 21.6090 22.1010 22.5980 21.9490
 79.800 22.0320 21.6390 22.1420 22.6480 22.0030
 80.850 22.0470 21.6680 22.1820 22.6990 22.0570
 81.900 22.0630 21.6970 22.2220 22.7470 22.1090
 82.950 22.0780 21.7270 22.2630 22.7960 22.1600
 84.000 22.0930 21.7560 22.3020 22.8440 22.2110
 85.050 22.1090 21.7850 22.3420 22.8920 22.2610
 86.100 22.1240 21.8150 22.3830 22.9390 22.3110
 87.150 22.1390 21.8440 22.4230 22.9840 22.3580
 88.200 22.1550 21.8740 22.4620 23.0300 22.4050
 89.250 22.1690 21.9040 22.5020 23.0730 22.4490
248.057 24.4679 26.3808 28.5518 30.0000 29.6482
255.816 24.5802 26.5996 28.8474 30.0000 30.0000
286.073 25.0182 27.4525 30.0000 30.0000 30.0000
376.439 26.3264 30.0000 30.0000 30.0000 30.0000
630.207 30.0000 30.0000 30.0000 30.0000 30.0000
