#1 observer-frame phase [day]
#2 HSC g mag (AB)
#3 HSC r mag (AB)
#4 HSC i mag (AB)
#5 HSC z mag (AB)
#6 HSC y mag (AB)
-200.000 30.0000 30.0000 30.0000 30.0000 30.0000
-25.000 30.0000 30.0000 30.0000 30.0000 30.0000
-23.750 29.8020 29.8930 29.9690 30.1800 30.2780
-22.500 27.3120 27.4950 27.4710 27.7210 27.9110
-21.250 26.1850 26.3690 26.3450 26.5950 26.7870
-20.000 25.4470 25.6330 25.6070 25.8570 26.0500
-18.750 24.8970 25.0830 25.0570 25.3060 25.5000
-17.500 24.4690 24.6190 24.6250 24.8340 25.0630
-16.250 24.1140 24.2360 24.2660 24.4530 24.6990
-15.000 23.8060 23.9170 23.9570 24.1340 24.3850
-13.750 23.5370 23.6370 23.6850 23.8610 24.1000
-12.500 23.3010 23.3850 23.4450 23.6230 23.8240
-11.250 23.0800 23.1550 23.2340 23.4140 23.5910
-10.000 22.8790 22.9570 23.0500 23.2410 23.4090
 -8.750 22.7040 22.7930 22.8920 23.0990 23.2690
 -7.500 22.5690 22.6410 22.7580 22.9850 23.1660
 -6.250 22.4750 22.5060 22.6470 22.9000 23.0980
 -5.000 22.4070 22.4140 22.5520 22.8600 23.0530
 -3.750 22.3560 22.3630 22.4750 22.8540 23.0210
 -2.500 22.3300 22.3230 22.4170 22.8530 23.0140
 -1.250 22.3270 22.2910 22.3760 22.8620 23.0330
  0.000 22.3380 22.2710 22.3490 22.8710 23.0610
  1.250 22.3610 22.2630 22.3360 22.8810 23.0910
  2.500 22.3960 22.2670 22.3330 22.8950 23.1230
  3.750 22.4420 22.2820 22.3440 22.9110 23.1510
  5.000 22.4980 22.3040 22.3660 22.9370 23.2090
  6.250 22.5620 22.3320 22.3980 22.9740 23.2890
  7.500 22.6330 22.3700 22.4430 23.0290 23.3610
  8.750 22.7130 22.4180 22.4960 23.0970 23.4310
 10.000 22.8010 22.4680 22.5560 23.1690 23.4940
 11.250 22.9020 22.5200 22.6250 23.2360 23.5410
 12.500 23.0070 22.5820 22.6920 23.3260 23.6000
 13.750 23.1140 22.6580 22.7580 23.4370 23.6670
 15.000 23.2330 22.7300 22.8240 23.5150 23.7160
 16.250 23.3650 22.7950 22.8920 23.5630 23.7460
 17.500 23.5040 22.8570 22.9570 23.5940 23.7600
 18.750 23.6420 22.9270 23.0100 23.6140 23.7830
 20.000 23.7810 22.9990 23.0500 23.6210 23.8000
 21.250 23.9200 23.0740 23.0810 23.6200 23.7900
 22.500 24.0580 23.1510 23.1040 23.6200 23.7530
 23.750 24.1960 23.2270 23.1210 23.6150 23.7120
 25.000 24.3280 23.3070 23.1330 23.6010 23.6620
 26.250 24.4520 23.3880 23.1430 23.5800 23.6070
 27.500 24.5680 23.4700 23.1540 23.5640 23.5590
 28.750 24.6770 23.5490 23.1700 23.5590 23.5210
 30.000 24.7950 23.6140 23.1940 23.5610 23.4910
 31.250 24.9050 23.6790 23.2220 23.5710 23.4660
 32.500 25.0060 23.7410 23.2550 23.5870 23.4450
 33.750 25.0950 23.8050 23.2940 23.6080 23.4330
 35.000 25.1690 23.8720 23.3410 23.6310 23.4370
 36.250 25.2360 23.9380 23.3940 23.6630 23.4500
 37.500 25.2980 24.0020 23.4530 23.7020 23.4710
 38.750 25.3530 24.0650 23.5170 23.7510 23.5050
 40.000 25.4050 24.1260 23.5860 23.8110 23.5610
 41.250 25.4540 24.1860 23.6590 23.8780 23.6240
 42.500 25.5000 24.2440 23.7330 23.9530 23.6940
 43.750 25.5430 24.3010 23.8070 24.0310 23.7700
 45.000 25.5760 24.3630 23.8730 24.1240 23.8480
 46.250 25.6040 24.4260 23.9310 24.2180 23.9280
 47.500 25.6290 24.4870 23.9840 24.3060 24.0060
 48.750 25.6510 24.5450 24.0300 24.3850 24.0810
 50.000 25.6800 24.5930 24.0750 24.4520 24.1520
 51.250 25.7110 24.6320 24.1150 24.5080 24.2170
 52.500 25.7380 24.6680 24.1540 24.5580 24.2750
 53.750 25.7640 24.6980 24.1900 24.6030 24.3270
 55.000 25.7870 24.7250 24.2260 24.6460 24.3730
 56.250 25.8080 24.7470 24.2630 24.6860 24.4140
 57.500 25.8240 24.7680 24.3020 24.7190 24.4500
 58.750 25.8400 24.7860 24.3420 24.7540 24.4850
 60.000 25.8540 24.8020 24.3830 24.7870 24.5180
 61.250 25.8700 24.8190 24.4220 24.8190 24.5520
 62.500 25.8870 24.8380 24.4580 24.8480 24.5880
 63.750 25.9040 24.8560 24.4920 24.8770 24.6250
 65.000 25.9210 24.8750 24.5250 24.9050 24.6630
 66.250 25.9380 24.8940 24.5590 24.9320 24.7010
 67.500 25.9530 24.9160 24.5900 24.9720 24.7510
 68.750 25.9680 24.9400 24.6210 25.0110 24.8020
 70.000 25.9830 24.9610 24.6520 25.0500 24.8520
 71.250 25.9970 24.9840 24.6840 25.0900 24.9040
 72.500 26.0120 25.0060 24.7140 25.1280 24.9550
 73.750 26.0270 25.0290 24.7460 25.1680 25.0070
 75.000 26.0420 25.0520 24.7770 25.2070 25.0590
 76.250 26.0550 25.0750 24.8080 25.2450 25.1110
 77.500 26.0740 25.0930 24.8410 25.2780 25.1570
 78.750 26.0920 25.1120 24.8730 25.3080 25.2020
 80.000 26.1120 25.1300 24.9050 25.3390 25.2480
 81.250 26.1300 25.1480 24.9380 25.3690 25.2950
 82.500 26.1490 25.1660 24.9710 25.3970 25.3400
 83.750 26.1690 25.1850 25.0040 25.4250 25.3860
 85.000 26.1880 25.2020 25.0380 25.4530 25.4310
 86.250 26.2070 25.2210 25.0710 25.4780 25.4780
 87.500 26.2270 25.2370 25.1050 25.5030 25.5250
 88.750 26.2470 25.2550 25.1400 25.5270 25.5710
 90.000 26.2680 25.2720 25.1750 25.5480 25.6180
 91.250 26.2880 25.2880 25.2120 25.5690 25.6640
 92.500 26.3090 25.3050 25.2470 25.5860 25.7120
 93.750 26.3260 25.3230 25.2790 25.6190 25.7600
 95.000 26.3450 25.3430 25.3120 25.6520 25.8090
 96.250 26.3620 25.3610 25.3430 25.6840 25.8590
 97.500 26.3800 25.3800 25.3750 25.7150 25.9080
 98.750 26.3980 25.3990 25.4080 25.7480 25.9580
100.000 26.4160 25.4170 25.4410 25.7770 26.0090
101.250 26.4340 25.4350 25.4730 25.8080 26.0600
102.500 26.4520 25.4540 25.5060 25.8370 26.1130
103.750 26.4710 25.4720 25.5390 25.8660 26.1650
105.000 26.4890 25.4900 25.5720 25.8930 26.2190
106.250 26.5070 25.5080 25.6060 25.9200 26.2740
194.127 27.7865 26.7875 27.9260 27.9306 30.0000
272.689 28.9304 27.9314 30.0000 29.7281 30.0000
284.572 29.1034 28.1044 30.0000 30.0000 30.0000
346.154 30.0000 29.0010 30.0000 30.0000 30.0000
414.766 30.0000 30.0000 30.0000 30.0000 30.0000
