#1 observer-frame phase [day]
#2 HSC g mag (AB)
#3 HSC r mag (AB)
#4 HSC i mag (AB)
#5 HSC z mag (AB)
#6 HSC y mag (AB)
-200.000 30.0000 30.0000 30.0000 30.0000 30.0000
-26.000 30.0000 30.0000 30.0000 30.0000 30.0000
-24.700 30.3010 30.2760 30.3480 30.5380 30.6500
-23.400 27.7510 27.9000 27.8780 28.0270 28.2270
-22.100 26.6220 26.7750 26.7510 26.9000 27.1020
-20.800 25.8840 26.0390 26.0140 26.1610 26.3630
-19.500 25.3340 25.4890 25.4640 25.6110 25.8130
-18.200 24.9020 25.0270 25.0360 25.1370 25.3610
-16.900 24.5470 24.6440 24.6770 24.7670 24.9820
-15.600 24.2390 24.3250 24.3670 24.4530 24.6640
-14.300 23.9700 24.0450 24.0960 24.1820 24.3860
-13.000 23.7360 23.7900 23.8550 23.9470 24.1350
-11.700 23.5190 23.5570 23.6440 23.7390 23.9180
-10.400 23.3230 23.3550 23.4590 23.5660 23.7410
 -9.100 23.1540 23.1880 23.2970 23.4250 23.5980
 -7.800 23.0220 23.0330 23.1620 23.3050 23.4940
 -6.500 22.9290 22.8940 23.0520 23.2070 23.4300
 -5.200 22.8620 22.8020 22.9550 23.1470 23.4030
 -3.900 22.8120 22.7550 22.8740 23.1170 23.3980
 -2.600 22.7910 22.7160 22.8140 23.0970 23.4030
 -1.300 22.7950 22.6870 22.7710 23.0880 23.4220
  0.000 22.8140 22.6680 22.7430 23.0820 23.4480
  1.300 22.8460 22.6600 22.7310 23.0770 23.4780
  2.600 22.8890 22.6650 22.7300 23.0800 23.5050
  3.900 22.9410 22.6830 22.7400 23.0910 23.5250
  5.200 23.0040 22.7100 22.7600 23.1160 23.5680
  6.500 23.0760 22.7440 22.7860 23.1540 23.6300
  7.800 23.1530 22.7870 22.8240 23.2100 23.6910
  9.100 23.2380 22.8410 22.8690 23.2780 23.7520
 10.400 23.3320 22.8980 22.9210 23.3490 23.8150
 11.700 23.4390 22.9580 22.9800 23.4130 23.8740
 13.000 23.5490 23.0310 23.0380 23.4930 23.9440
 14.300 23.6590 23.1200 23.0950 23.5890 24.0210
 15.600 23.7850 23.2020 23.1560 23.6680 24.0750
 16.900 23.9270 23.2730 23.2200 23.7330 24.1020
 18.200 24.0780 23.3430 23.2840 23.7860 24.1090
 19.500 24.2230 23.4270 23.3340 23.8210 24.1070
 20.800 24.3670 23.5180 23.3740 23.8400 24.0960
 22.100 24.5130 23.6090 23.4090 23.8470 24.0700
 23.400 24.6580 23.6980 23.4430 23.8500 24.0370
 24.700 24.8040 23.7880 23.4710 23.8470 24.0000
 26.000 24.9420 23.8840 23.4950 23.8380 23.9560
 27.300 25.0710 23.9880 23.5120 23.8270 23.9100
 28.600 25.1890 24.0930 23.5300 23.8200 23.8720
 29.900 25.3010 24.1950 23.5510 23.8220 23.8450
 31.200 25.4250 24.2730 23.5860 23.8210 23.8260
 32.500 25.5400 24.3490 23.6240 23.8260 23.8140
 33.800 25.6480 24.4220 23.6670 23.8350 23.8070
 35.100 25.7410 24.4940 23.7150 23.8520 23.8050
 36.400 25.8120 24.5680 23.7670 23.8830 23.8130
 37.700 25.8760 24.6390 23.8240 23.9230 23.8280
 39.000 25.9350 24.7070 23.8850 23.9690 23.8520
 40.300 25.9880 24.7700 23.9500 24.0260 23.8880
 41.600 26.0420 24.8250 24.0180 24.0970 23.9420
 42.900 26.0930 24.8790 24.0870 24.1790 24.0050
 44.200 26.1390 24.9330 24.1560 24.2680 24.0740
 45.500 26.1820 24.9860 24.2230 24.3610 24.1460
 46.800 26.2090 25.0500 24.2810 24.4550 24.2290
 48.100 26.2300 25.1180 24.3330 24.5430 24.3140
 49.400 26.2470 25.1840 24.3800 24.6240 24.3960
 50.700 26.2630 25.2490 24.4230 24.6950 24.4710
 52.000 26.2870 25.2970 24.4660 24.7580 24.5380
 53.300 26.3170 25.3330 24.5060 24.8130 24.5950
 54.600 26.3440 25.3640 24.5450 24.8650 24.6460
 55.900 26.3710 25.3890 24.5810 24.9130 24.6890
 57.200 26.3970 25.4080 24.6160 24.9620 24.7270
 58.500 26.4200 25.4230 24.6520 25.0130 24.7610
 59.800 26.4370 25.4380 24.6870 25.0590 24.7920
 61.100 26.4540 25.4510 24.7220 25.1100 24.8230
 62.400 26.4700 25.4610 24.7580 25.1610 24.8520
 63.700 26.4860 25.4720 24.7920 25.2110 24.8810
 65.000 26.5040 25.4870 24.8240 25.2570 24.9090
 66.300 26.5210 25.5010 24.8540 25.3030 24.9380
 67.600 26.5390 25.5150 24.8840 25.3490 24.9660
 68.900 26.5550 25.5300 24.9140 25.3940 24.9950
 70.200 26.5710 25.5490 24.9430 25.4360 25.0390
 71.500 26.5860 25.5690 24.9720 25.4750 25.0840
 72.800 26.6010 25.5870 25.0010 25.5160 25.1270
 74.100 26.6150 25.6070 25.0310 25.5580 25.1720
 75.400 26.6300 25.6250 25.0590 25.5990 25.2160
 76.700 26.6440 25.6450 25.0890 25.6410 25.2610
 78.000 26.6590 25.6640 25.1180 25.6830 25.3060
 79.300 26.6730 25.6830 25.1470 25.7240 25.3490
 80.600 26.6930 25.6980 25.1780 25.7580 25.3910
 81.900 26.7120 25.7110 25.2090 25.7880 25.4310
 83.200 26.7330 25.7250 25.2400 25.8200 25.4710
 84.500 26.7530 25.7390 25.2720 25.8520 25.5110
 85.800 26.7730 25.7520 25.3040 25.8830 25.5500
 87.100 26.7940 25.7660 25.3360 25.9130 25.5890
 88.400 26.8140 25.7780 25.3680 25.9450 25.6280
 89.700 26.8350 25.7910 25.4000 25.9740 25.6670
 91.000 26.8560 25.8030 25.4330 26.0040 25.7060
 92.300 26.8780 25.8150 25.4670 26.0350 25.7430
 93.600 26.9000 25.8270 25.5000 26.0640 25.7810
 94.900 26.9210 25.8370 25.5340 26.0940 25.8170
 96.200 26.9440 25.8480 25.5690 26.1210 25.8530
 97.500 26.9610 25.8630 25.5990 26.1560 25.8930
 98.800 26.9790 25.8790 25.6310 26.1920 25.9340
100.100 26.9960 25.8940 25.6610 26.2270 25.9750
101.400 27.0150 25.9100 25.6920 26.2620 26.0150
102.700 27.0320 25.9260 25.7240 26.2990 26.0560
104.000 27.0500 25.9410 25.7550 26.3330 26.0960
105.300 27.0680 25.9560 25.7860 26.3690 26.1360
106.600 27.0860 25.9710 25.8180 26.4050 26.1760
107.900 27.1040 25.9860 25.8490 26.4410 26.2160
109.200 27.1220 26.0020 25.8810 26.4760 26.2550
110.500 27.1400 26.0160 25.9130 26.5140 26.2940
232.162 28.8245 27.4198 28.8703 29.9018 30.0000
235.688 28.8734 27.4605 28.9560 30.0000 30.0000
278.636 29.4680 27.9560 30.0000 30.0000 30.0000
317.056 30.0000 28.3993 30.0000 30.0000 30.0000
455.780 30.0000 30.0000 30.0000 30.0000 30.0000
