#1 observer-frame phase [day]
#2 HSC g mag (AB)
#3 HSC r mag (AB)
#4 HSC i mag (AB)
#5 HSC z mag (AB)
#6 HSC y mag (AB)
-200.000 30.0000 30.0000 30.0000 30.0000 30.0000
-27.000 30.0000 30.0000 30.0000 30.0000 30.0000
-25.650 30.7860 30.5780 30.6800 30.8270 30.9570
-24.300 28.1660 28.1770 28.2320 28.2530 28.5000
-22.950 27.0360 27.0510 27.1060 27.1250 27.3740
-21.600 26.2970 26.3150 26.3690 26.3860 26.6360
-20.250 25.7470 25.7650 25.8190 25.8360 26.0850
-18.900 25.3220 25.3080 25.3980 25.3620 25.6170
-17.550 24.9710 24.9280 25.0290 25.0090 25.2380
-16.200 24.6650 24.6110 24.7150 24.7030 24.9200
-14.850 24.3980 24.3320 24.4410 24.4350 24.6470
-13.500 24.1630 24.0810 24.2000 24.2000 24.4100
-12.150 23.9470 23.8480 23.9870 23.9910 24.2020
-10.800 23.7570 23.6410 23.8020 23.8130 24.0280
 -9.450 23.5970 23.4660 23.6440 23.6630 23.8840
 -8.100 23.4700 23.3090 23.5100 23.5340 23.7730
 -6.750 23.3820 23.1730 23.3990 23.4250 23.6950
 -5.400 23.3260 23.0810 23.3040 23.3420 23.6610
 -4.050 23.2940 23.0310 23.2250 23.2810 23.6580
 -2.700 23.2880 22.9930 23.1660 23.2390 23.6610
 -1.350 23.3060 22.9660 23.1230 23.2140 23.6760
  0.000 23.3350 22.9520 23.0950 23.1960 23.6910
  1.350 23.3750 22.9480 23.0820 23.1880 23.7070
  2.700 23.4280 22.9590 23.0790 23.1860 23.7250
  4.050 23.4900 22.9850 23.0860 23.1960 23.7430
  5.400 23.5600 23.0210 23.1000 23.2180 23.7770
  6.750 23.6380 23.0650 23.1190 23.2560 23.8250
  8.100 23.7180 23.1200 23.1460 23.3090 23.8830
  9.450 23.8030 23.1860 23.1800 23.3730 23.9490
 10.800 23.8970 23.2580 23.2210 23.4370 24.0180
 12.150 24.0010 23.3340 23.2730 23.4920 24.0820
 13.500 24.1090 23.4230 23.3250 23.5500 24.1650
 14.850 24.2170 23.5270 23.3790 23.6150 24.2670
 16.200 24.3430 23.6230 23.4380 23.6800 24.3370
 17.550 24.4880 23.7080 23.5000 23.7450 24.3770
 18.900 24.6420 23.7920 23.5620 23.8000 24.3980
 20.250 24.7890 23.8870 23.6220 23.8310 24.4080
 21.600 24.9330 23.9880 23.6750 23.8460 24.4060
 22.950 25.0790 24.0890 23.7250 23.8520 24.3950
 24.300 25.2270 24.1900 23.7700 23.8570 24.3850
 25.650 25.3750 24.2930 23.8110 23.8570 24.3700
 27.000 25.5160 24.3970 23.8500 23.8550 24.3480
 28.350 25.6490 24.5030 23.8860 23.8550 24.3210
 29.700 25.7720 24.6070 23.9220 23.8590 24.3000
 31.050 25.8880 24.7100 23.9590 23.8710 24.2900
 32.400 26.0130 24.7930 24.0030 23.8800 24.2870
 33.750 26.1290 24.8720 24.0500 23.8960 24.2930
 35.100 26.2370 24.9430 24.1020 23.9150 24.3030
 36.450 26.3300 25.0110 24.1580 23.9420 24.3190
 37.800 26.3990 25.0830 24.2160 23.9800 24.3370
 39.150 26.4610 25.1490 24.2790 24.0270 24.3640
 40.500 26.5170 25.2110 24.3440 24.0790 24.3980
 41.850 26.5680 25.2680 24.4110 24.1410 24.4430
 43.200 26.6210 25.3220 24.4770 24.2150 24.4990
 44.550 26.6710 25.3750 24.5430 24.2970 24.5630
 45.900 26.7140 25.4290 24.6060 24.3870 24.6350
 47.250 26.7530 25.4820 24.6660 24.4790 24.7090
 48.600 26.7770 25.5440 24.7190 24.5680 24.7980
 49.950 26.7940 25.6090 24.7680 24.6480 24.8880
 51.300 26.8070 25.6720 24.8130 24.7210 24.9740
 52.650 26.8190 25.7330 24.8540 24.7840 25.0510
 54.000 26.8400 25.7800 24.8960 24.8400 25.1170
 55.350 26.8670 25.8170 24.9350 24.8880 25.1710
 56.700 26.8920 25.8470 24.9730 24.9320 25.2190
 58.050 26.9180 25.8720 25.0080 24.9730 25.2610
 59.400 26.9430 25.8900 25.0420 25.0150 25.3000
 60.750 26.9670 25.9040 25.0750 25.0590 25.3350
 62.100 26.9850 25.9170 25.1070 25.1030 25.3660
 63.450 27.0020 25.9280 25.1390 25.1520 25.3980
 64.800 27.0200 25.9370 25.1700 25.2020 25.4280
 66.150 27.0370 25.9470 25.2000 25.2500 25.4570
 67.500 27.0550 25.9610 25.2280 25.2930 25.4840
 68.850 27.0730 25.9740 25.2550 25.3360 25.5110
 70.200 27.0910 25.9890 25.2820 25.3780 25.5360
 71.550 27.1080 26.0030 25.3100 25.4190 25.5620
 72.900 27.1230 26.0210 25.3360 25.4580 25.6030
 74.250 27.1380 26.0400 25.3630 25.4950 25.6420
 75.600 27.1530 26.0580 25.3890 25.5330 25.6820
 76.950 27.1680 26.0770 25.4160 25.5720 25.7220
 78.300 27.1830 26.0940 25.4420 25.6100 25.7610
 79.650 27.1970 26.1130 25.4690 25.6490 25.8020
 81.000 27.2120 26.1320 25.4950 25.6880 25.8410
 82.350 27.2260 26.1510 25.5220 25.7260 25.8800
 83.700 27.2460 26.1650 25.5490 25.7630 25.9150
 85.050 27.2660 26.1780 25.5780 25.7970 25.9480
 86.400 27.2870 26.1910 25.6060 25.8320 25.9810
 87.750 27.3060 26.2040 25.6350 25.8680 26.0140
 89.100 27.3270 26.2170 25.6630 25.9040 26.0460
 90.450 27.3480 26.2310 25.6920 25.9400 26.0760
 91.800 27.3690 26.2420 25.7200 25.9780 26.1070
 93.150 27.3890 26.2560 25.7490 26.0150 26.1360
 94.500 27.4110 26.2670 25.7770 26.0520 26.1650
 95.850 27.4310 26.2800 25.8060 26.0930 26.1920
 97.200 27.4530 26.2920 25.8350 26.1330 26.2180
 98.550 27.4750 26.3040 25.8630 26.1750 26.2420
 99.900 27.4970 26.3160 25.8920 26.2170 26.2640
101.250 27.5140 26.3300 25.9200 26.2510 26.2970
102.600 27.5310 26.3460 25.9490 26.2860 26.3310
103.950 27.5480 26.3600 25.9760 26.3200 26.3650
105.300 27.5660 26.3750 26.0050 26.3530 26.3970
106.650 27.5830 26.3910 26.0330 26.3900 26.4300
108.000 27.6000 26.4050 26.0610 26.4240 26.4610
109.350 27.6170 26.4200 26.0890 26.4590 26.4920
110.700 27.6350 26.4340 26.1180 26.4950 26.5230
112.050 27.6520 26.4500 26.1450 26.5310 26.5520
113.400 27.6690 26.4650 26.1740 26.5670 26.5800
114.750 27.6860 26.4790 26.2020 26.6050 26.6080
241.359 29.2991 27.8670 28.8467 30.0000 29.3653
270.505 29.6704 28.1865 29.4556 30.0000 30.0000
296.372 30.0000 28.4701 29.9959 30.0000 30.0000
296.569 30.0000 28.4723 30.0000 30.0000 30.0000
435.922 30.0000 30.0000 30.0000 30.0000 30.0000
