#1 observer-frame phase [day]
#2 HSC g mag (AB)
#3 HSC r mag (AB)
#4 HSC i mag (AB)
#5 HSC z mag (AB)
#6 HSC y mag (AB)
-200.000 30.0000 30.0000 30.0000 30.0000 30.0000
-28.000 30.0000 30.0000 30.0000 30.0000 30.0000
-26.600 31.3050 30.8240 30.9760 31.0650 31.2130
-25.200 28.6630 28.3790 28.4990 28.5410 28.7320
-23.800 27.5320 27.2520 27.3720 27.4140 27.6060
-22.400 26.7930 26.5150 26.6350 26.6760 26.8680
-21.000 26.2430 25.9660 26.0850 26.1260 26.3170
-19.600 25.8000 25.5210 25.6550 25.6610 25.8440
-18.200 25.4340 25.1510 25.2890 25.3140 25.4670
-16.800 25.1220 24.8380 24.9770 25.0100 25.1500
-15.400 24.8520 24.5630 24.7020 24.7460 24.8770
-14.000 24.6170 24.3160 24.4560 24.5190 24.6410
-12.600 24.4010 24.0860 24.2390 24.3160 24.4320
-11.200 24.2190 23.8770 24.0500 24.1400 24.2590
 -9.800 24.0720 23.6980 23.8870 23.9910 24.1180
 -8.400 23.9450 23.5450 23.7490 23.8620 24.0000
 -7.000 23.8440 23.4220 23.6340 23.7540 23.9080
 -5.600 23.7890 23.3350 23.5380 23.6650 23.8590
 -4.200 23.7760 23.2800 23.4610 23.5940 23.8420
 -2.800 23.7880 23.2410 23.4040 23.5450 23.8320
 -1.400 23.8210 23.2180 23.3620 23.5140 23.8310
  0.000 23.8610 23.2100 23.3350 23.4920 23.8320
  1.400 23.9030 23.2140 23.3220 23.4830 23.8330
  2.800 23.9650 23.2300 23.3190 23.4850 23.8410
  4.200 24.0480 23.2570 23.3260 23.5010 23.8550
  5.600 24.1320 23.2950 23.3430 23.5260 23.8800
  7.000 24.2180 23.3430 23.3670 23.5600 23.9170
  8.400 24.3080 23.4000 23.4000 23.6090 23.9740
  9.800 24.4040 23.4660 23.4390 23.6670 24.0450
 11.200 24.5050 23.5400 23.4850 23.7280 24.1190
 12.600 24.6080 23.6220 23.5400 23.7840 24.1860
 14.000 24.7280 23.7120 23.5970 23.8360 24.2750
 15.400 24.8660 23.8100 23.6580 23.8850 24.3830
 16.800 25.0080 23.9090 23.7220 23.9410 24.4660
 18.200 25.1510 24.0080 23.7870 23.9990 24.5270
 19.600 25.3010 24.1050 23.8550 24.0470 24.5760
 21.000 25.4540 24.2060 23.9220 24.0800 24.6090
 22.400 25.6110 24.3090 23.9860 24.0990 24.6280
 23.800 25.7690 24.4140 24.0460 24.1120 24.6340
 25.200 25.9240 24.5220 24.0980 24.1250 24.6370
 26.600 26.0790 24.6320 24.1480 24.1320 24.6350
 28.000 26.2300 24.7410 24.1960 24.1380 24.6240
 29.400 26.3790 24.8490 24.2410 24.1470 24.6090
 30.800 26.5200 24.9530 24.2860 24.1590 24.5980
 32.200 26.6540 25.0550 24.3300 24.1780 24.5980
 33.600 26.7720 25.1480 24.3760 24.1980 24.5990
 35.000 26.8780 25.2370 24.4240 24.2260 24.6080
 36.400 26.9720 25.3170 24.4750 24.2580 24.6220
 37.800 27.0520 25.3910 24.5310 24.2970 24.6420
 39.200 27.1200 25.4630 24.5900 24.3400 24.6700
 40.600 27.1820 25.5280 24.6530 24.3900 24.7060
 42.000 27.2370 25.5890 24.7190 24.4470 24.7500
 43.400 27.2880 25.6440 24.7850 24.5110 24.8040
 44.800 27.3380 25.6980 24.8510 24.5800 24.8710
 46.200 27.3820 25.7520 24.9160 24.6550 24.9470
 47.600 27.4190 25.8050 24.9780 24.7340 25.0300
 49.000 27.4510 25.8580 25.0370 24.8150 25.1180
 50.400 27.4840 25.9130 25.0900 24.8940 25.2140
 51.800 27.5170 25.9680 25.1390 24.9670 25.3080
 53.200 27.5470 26.0200 25.1850 25.0320 25.3950
 54.600 27.5740 26.0700 25.2290 25.0880 25.4730
 56.000 27.5940 26.1130 25.2710 25.1360 25.5400
 57.400 27.6150 26.1500 25.3120 25.1750 25.5980
 58.800 27.6340 26.1820 25.3500 25.2100 25.6520
 60.200 27.6550 26.2080 25.3860 25.2420 25.7010
 61.600 27.6760 26.2290 25.4200 25.2730 25.7500
 63.000 27.6970 26.2450 25.4530 25.3070 25.8000
 64.400 27.7120 26.2590 25.4830 25.3440 25.8410
 65.800 27.7290 26.2710 25.5130 25.3850 25.8850
 67.200 27.7450 26.2820 25.5410 25.4270 25.9290
 68.600 27.7600 26.2930 25.5690 25.4660 25.9720
 70.000 27.7760 26.3080 25.5960 25.4990 26.0110
 71.400 27.7900 26.3230 25.6220 25.5320 26.0510
 72.800 27.8060 26.3390 25.6480 25.5630 26.0890
 74.200 27.8210 26.3540 25.6760 25.5930 26.1270
 75.600 27.8430 26.3710 25.7010 25.6260 26.1680
 77.000 27.8640 26.3880 25.7280 25.6570 26.2080
 78.400 27.8870 26.4040 25.7530 25.6890 26.2480
 79.800 27.9080 26.4210 25.7800 25.7220 26.2890
 81.200 27.9310 26.4370 25.8050 25.7540 26.3290
 82.600 27.9530 26.4540 25.8320 25.7860 26.3700
 84.000 27.9760 26.4710 25.8570 25.8180 26.4100
 85.400 27.9980 26.4870 25.8840 25.8500 26.4500
 86.800 28.0150 26.5020 25.9100 25.8840 26.4830
 88.200 28.0310 26.5160 25.9370 25.9170 26.5120
 89.600 28.0490 26.5310 25.9640 25.9500 26.5410
 91.000 28.0650 26.5450 25.9910 25.9840 26.5710
 92.400 28.0820 26.5600 26.0170 26.0180 26.6000
 93.800 28.0980 26.5750 26.0450 26.0520 26.6270
 95.200 28.1150 26.5890 26.0710 26.0880 26.6550
 96.600 28.1300 26.6050 26.0980 26.1220 26.6810
 98.000 28.1470 26.6180 26.1240 26.1570 26.7060
 99.400 28.1620 26.6330 26.1520 26.1950 26.7310
100.800 28.1790 26.6480 26.1780 26.2310 26.7540
102.200 28.1940 26.6620 26.2040 26.2700 26.7760
103.600 28.2100 26.6770 26.2310 26.3080 26.7950
105.000 28.2250 26.6920 26.2580 26.3380 26.8300
106.400 28.2420 26.7070 26.2850 26.3690 26.8650
107.800 28.2570 26.7220 26.3110 26.3990 26.8990
109.200 28.2730 26.7380 26.3390 26.4290 26.9330
110.600 28.2880 26.7530 26.3650 26.4600 26.9690
112.000 28.3040 26.7680 26.3930 26.4900 27.0010
113.400 28.3190 26.7830 26.4190 26.5190 27.0350
114.800 28.3350 26.7980 26.4460 26.5500 27.0690
116.200 28.3490 26.8130 26.4730 26.5800 27.1020
117.600 28.3650 26.8290 26.5000 26.6100 27.1340
119.000 28.3790 26.8430 26.5260 26.6410 27.1670
238.464 29.6590 28.1230 28.7958 29.2180 30.0000
270.293 30.0000 28.4640 29.4006 29.9046 30.0000
274.715 30.0000 28.5114 29.4846 30.0000 30.0000
301.842 30.0000 28.8020 30.0000 30.0000 30.0000
413.653 30.0000 30.0000 30.0000 30.0000 30.0000
