#1 observer-frame phase [day]
#2 HSC g mag (AB)
#3 HSC r mag (AB)
#4 HSC i mag (AB)
#5 HSC z mag (AB)
#6 HSC y mag (AB)
-200.000 30.0000 30.0000 30.0000 30.0000 30.0000
-30.000 30.0000 30.0000 30.0000 30.0000 30.0000
-28.500 32.4070 31.2530 31.4740 31.4750 31.6070
-27.000 29.4200 28.8230 29.0670 29.0680 29.0340
-25.500 28.2840 27.6970 27.9420 27.9440 27.9060
-24.000 27.5430 26.9600 27.2050 27.2070 27.1670
-22.500 26.9930 26.4110 26.6560 26.6570 26.6170
-21.000 26.5170 25.9920 26.1960 26.2720 26.1410
-19.500 26.1400 25.6340 25.8260 25.8980 25.7910
-18.000 25.8240 25.3240 25.5130 25.5820 25.4860
-16.500 25.5540 25.0510 25.2360 25.3030 25.2200
-15.000 25.3230 24.8080 24.9840 25.0510 24.9880
-13.500 25.1120 24.5810 24.7580 24.8330 24.7810
-12.000 24.9350 24.3730 24.5670 24.6460 24.6020
-10.500 24.7960 24.1950 24.4120 24.4850 24.4500
 -9.000 24.6570 24.0520 24.2690 24.3500 24.3190
 -7.500 24.5290 23.9450 24.1420 24.2380 24.2090
 -6.000 24.4680 23.8640 24.0510 24.1390 24.1210
 -4.500 24.4730 23.8020 23.9940 24.0560 24.0540
 -3.000 24.5120 23.7620 23.9480 23.9910 24.0080
 -1.500 24.5820 23.7410 23.9140 23.9380 23.9800
  0.000 24.6420 23.7360 23.8920 23.9040 23.9600
  1.500 24.6880 23.7450 23.8810 23.8880 23.9520
  3.000 24.7640 23.7660 23.8810 23.8850 23.9530
  4.500 24.8770 23.7980 23.8900 23.8980 23.9640
  6.000 24.9910 23.8390 23.9080 23.9190 23.9870
  7.500 25.1110 23.8880 23.9340 23.9470 24.0240
  9.000 25.2370 23.9450 23.9680 23.9830 24.0760
 10.500 25.3720 24.0120 24.0090 24.0230 24.1400
 12.000 25.4990 24.0880 24.0530 24.0780 24.2040
 13.500 25.6000 24.1780 24.1010 24.1540 24.2590
 15.000 25.7330 24.2740 24.1570 24.2260 24.3150
 16.500 25.9070 24.3770 24.2220 24.2890 24.3760
 18.000 26.0770 24.4860 24.2870 24.3530 24.4390
 19.500 26.2390 24.6020 24.3470 24.4180 24.5030
 21.000 26.4140 24.7200 24.4070 24.4830 24.5580
 22.500 26.5750 24.8410 24.4710 24.5500 24.5920
 24.000 26.7320 24.9660 24.5360 24.6110 24.6100
 25.500 26.8960 25.0910 24.6020 24.6600 24.6200
 27.000 27.0710 25.2150 24.6700 24.6900 24.6300
 28.500 27.2510 25.3400 24.7370 24.7140 24.6350
 30.000 27.4160 25.4640 24.8050 24.7380 24.6380
 31.500 27.5540 25.5870 24.8720 24.7630 24.6440
 33.000 27.6800 25.7050 24.9390 24.7880 24.6520
 34.500 27.7950 25.8190 25.0030 24.8150 24.6690
 36.000 27.9060 25.9270 25.0610 24.8530 24.6830
 37.500 28.0010 26.0290 25.1170 24.8960 24.7040
 39.000 28.0810 26.1220 25.1730 24.9470 24.7300
 40.500 28.1440 26.2060 25.2320 25.0020 24.7630
 42.000 28.1910 26.2800 25.2970 25.0580 24.8040
 43.500 28.2310 26.3460 25.3610 25.1200 24.8520
 45.000 28.2630 26.4070 25.4250 25.1870 24.9070
 46.500 28.2930 26.4620 25.4880 25.2580 24.9700
 48.000 28.3400 26.5160 25.5510 25.3240 25.0420
 49.500 28.3800 26.5690 25.6120 25.3900 25.1210
 51.000 28.4120 26.6210 25.6710 25.4540 25.2070
 52.500 28.4370 26.6720 25.7280 25.5150 25.2940
 54.000 28.4780 26.7130 25.7890 25.5640 25.3800
 55.500 28.5240 26.7500 25.8500 25.6060 25.4580
 57.000 28.5670 26.7840 25.9100 25.6440 25.5290
 58.500 28.6090 26.8170 25.9670 25.6770 25.5900
 60.000 28.6340 26.8530 26.0140 25.7140 25.6430
 61.500 28.6550 26.8880 26.0550 25.7500 25.6870
 63.000 28.6770 26.9180 26.0920 25.7850 25.7280
 64.500 28.7010 26.9450 26.1250 25.8160 25.7650
 66.000 28.7250 26.9670 26.1540 25.8470 25.8020
 67.500 28.7490 26.9860 26.1810 25.8790 25.8420
 69.000 28.7600 27.0010 26.2040 25.9130 25.8840
 70.500 28.7730 27.0140 26.2260 25.9490 25.9290
 72.000 28.7850 27.0260 26.2460 25.9840 25.9760
 73.500 28.7960 27.0390 26.2650 26.0170 26.0200
 75.000 28.8070 27.0550 26.2870 26.0480 26.0590
 76.500 28.8160 27.0710 26.3070 26.0760 26.0970
 78.000 28.8260 27.0870 26.3290 26.1040 26.1340
 79.500 28.8370 27.1030 26.3510 26.1330 26.1710
 81.000 28.8640 27.1180 26.3750 26.1570 26.2070
 82.500 28.8910 27.1340 26.4010 26.1820 26.2410
 84.000 28.9190 27.1480 26.4250 26.2060 26.2760
 85.500 28.9470 27.1640 26.4500 26.2310 26.3130
 87.000 28.9760 27.1780 26.4740 26.2560 26.3480
 88.500 29.0040 27.1930 26.4990 26.2810 26.3840
 90.000 29.0330 27.2090 26.5240 26.3050 26.4200
 91.500 29.0630 27.2230 26.5490 26.3290 26.4550
 93.000 29.0750 27.2400 26.5700 26.3590 26.4900
 94.500 29.0860 27.2560 26.5920 26.3880 26.5240
 96.000 29.0970 27.2730 26.6120 26.4170 26.5580
 97.500 29.1070 27.2900 26.6330 26.4470 26.5930
 99.000 29.1180 27.3070 26.6540 26.4760 26.6280
100.500 29.1280 27.3240 26.6750 26.5050 26.6630
102.000 29.1380 27.3410 26.6950 26.5340 26.7000
103.500 29.1470 27.3590 26.7160 26.5630 26.7350
105.000 29.1560 27.3760 26.7350 26.5920 26.7720
106.500 29.1640 27.3930 26.7560 26.6220 26.8110
108.000 29.1730 27.4120 26.7750 26.6500 26.8490
109.500 29.1800 27.4290 26.7940 26.6790 26.8900
111.000 29.1880 27.4470 26.8140 26.7080 26.9290
112.500 29.2010 27.4630 26.8350 26.7370 26.9620
114.000 29.2140 27.4790 26.8560 26.7670 26.9950
115.500 29.2260 27.4940 26.8770 26.7960 27.0280
117.000 29.2390 27.5100 26.8980 26.8260 27.0600
118.500 29.2500 27.5270 26.9180 26.8560 27.0950
120.000 29.2630 27.5420 26.9390 26.8850 27.1270
121.500 29.2740 27.5580 26.9600 26.9140 27.1600
123.000 29.2860 27.5740 26.9800 26.9450 27.1940
124.500 29.2970 27.5900 27.0000 26.9740 27.2280
126.000 29.3090 27.6070 27.0210 27.0040 27.2610
127.500 29.3190 27.6220 27.0410 27.0340 27.2970
218.705 30.0000 28.5949 28.2814 28.8459 29.3643
246.750 30.0000 28.8940 28.6628 29.4031 30.0000
276.795 30.0000 29.2145 29.0714 30.0000 30.0000
345.074 30.0000 29.9428 30.0000 30.0000 30.0000
350.438 30.0000 30.0000 30.0000 30.0000 30.0000
