#1 observer-frame phase [day]
#2 Johnson U mag (Vega)
#3 Johnson B mag (Vega)
#4 Johnson V mag (Vega)
#5 Johnson R mag (Vega)
#6 Johnson I mag (Vega)
#7 HSC g mag (Vega)
#8 HSC r mag (Vega)
#9 HSC i mag (Vega)
#10 HSC z mag (Vega)
#11 HSC y mag (Vega)
#12 Johnson U mag (AB)
#13 Johnson B mag (AB)
#14 Johnson V mag (AB)
#15 Johnson R mag (AB)
#16 Johnson I mag (AB)
#17 HSC g mag (AB)
#18 HSC r mag (AB)
#19 HSC i mag (AB)
#20 HSC z mag (AB)
#21 HSC y mag (AB)
-31.00 98.775 99.179 98.588 98.033 97.328 98.980 98.190 97.482 97.036 96.805 99.487 99.062 98.594 98.231 97.767 98.883 98.332 97.868 97.553 97.351
-29.45 37.468 34.437 31.817 31.268 31.250 33.131 31.325 31.292 31.165 31.216 38.180 34.320 31.823 31.466 31.690 33.034 31.467 31.677 31.681 31.762
-27.90 32.238 30.416 29.298 28.800 28.823 29.848 28.892 28.897 28.668 28.744 32.950 30.298 29.303 28.998 29.263 29.751 29.034 29.283 29.184 29.290
-26.35 31.089 29.271 28.170 27.673 27.697 28.709 27.766 27.771 27.540 27.619 31.802 29.153 28.175 27.871 28.136 28.611 27.908 28.157 28.057 28.164
-24.80 30.344 28.526 27.432 26.936 26.960 27.966 27.029 27.035 26.803 26.881 31.056 28.409 27.437 27.134 27.400 27.869 27.171 27.421 27.320 27.426
-23.25 29.791 27.975 26.882 26.386 26.410 27.415 26.480 26.485 26.253 26.331 30.503 27.857 26.888 26.584 26.850 27.318 26.621 26.871 26.770 26.876
-21.70 28.986 27.507 26.421 25.974 25.956 26.928 26.063 26.021 25.847 25.876 29.698 27.389 26.427 26.172 26.396 26.831 26.205 26.407 26.363 26.422
-20.15 28.500 27.135 26.048 25.621 25.590 26.548 25.709 25.640 25.483 25.523 29.213 27.018 26.054 25.819 26.029 26.450 25.851 26.025 26.000 26.069
-18.60 28.132 26.821 25.732 25.314 25.278 26.229 25.401 25.322 25.171 25.217 28.844 26.704 25.737 25.512 25.717 26.132 25.543 25.708 25.688 25.762
-17.05 27.840 26.558 25.460 25.044 25.002 25.971 25.127 25.041 24.896 24.950 28.553 26.441 25.466 25.241 25.442 25.873 25.269 25.426 25.413 25.496
-15.50 27.613 26.343 25.226 24.803 24.754 25.770 24.878 24.783 24.649 24.719 28.325 26.226 25.231 25.001 25.194 25.672 25.020 25.169 25.166 25.265
-13.95 27.403 26.141 25.011 24.578 24.532 25.577 24.649 24.550 24.434 24.514 28.115 26.024 25.016 24.776 24.971 25.480 24.791 24.936 24.951 25.060
-12.40 27.287 25.994 24.819 24.374 24.342 25.410 24.445 24.353 24.241 24.338 27.999 25.876 24.824 24.571 24.782 25.313 24.587 24.738 24.757 24.884
-10.85 27.270 25.903 24.654 24.198 24.185 25.272 24.272 24.192 24.068 24.189 27.982 25.786 24.660 24.395 24.625 25.175 24.414 24.578 24.584 24.735
-9.30 27.071 25.766 24.522 24.059 24.044 25.133 24.136 24.040 23.928 24.061 27.783 25.649 24.528 24.257 24.484 25.035 24.278 24.426 24.445 24.606
-7.75 26.765 25.604 24.425 23.959 23.922 25.002 24.039 23.902 23.816 23.952 27.478 25.487 24.430 24.157 24.361 24.905 24.181 24.288 24.333 24.498
-6.20 26.651 25.537 24.370 23.883 23.831 24.950 23.965 23.809 23.713 23.864 27.363 25.420 24.375 24.081 24.270 24.852 24.106 24.194 24.230 24.410
-4.65 26.724 25.567 24.352 23.822 23.769 24.976 23.903 23.759 23.622 23.793 27.436 25.450 24.357 24.020 24.209 24.879 24.045 24.144 24.139 24.339
-3.10 26.865 25.640 24.356 23.783 23.722 25.039 23.865 23.718 23.555 23.742 27.577 25.523 24.361 23.980 24.161 24.941 24.007 24.104 24.072 24.287
-1.55 27.102 25.760 24.378 23.763 23.687 25.136 23.848 23.686 23.505 23.706 27.814 25.643 24.383 23.960 24.126 25.038 23.990 24.072 24.022 24.251
 0.00 27.234 25.837 24.412 23.760 23.664 25.212 23.850 23.666 23.474 23.681 27.947 25.720 24.417 23.957 24.104 25.115 23.992 24.051 23.991 24.227
 1.55 27.217 25.859 24.455 23.772 23.653 25.264 23.868 23.655 23.460 23.670 27.929 25.742 24.461 23.969 24.092 25.167 24.010 24.041 23.977 24.216
 3.10 27.276 25.943 24.513 23.795 23.652 25.356 23.897 23.656 23.456 23.673 27.988 25.825 24.518 23.992 24.092 25.259 24.039 24.041 23.972 24.218
 4.65 27.450 26.120 24.581 23.827 23.660 25.502 23.936 23.666 23.462 23.692 28.162 26.003 24.586 24.025 24.100 25.404 24.078 24.052 23.978 24.238
 6.20 27.615 26.283 24.658 23.869 23.678 25.639 23.985 23.687 23.480 23.716 28.327 26.165 24.664 24.067 24.118 25.542 24.127 24.072 23.997 24.262
 7.75 27.775 26.435 24.744 23.919 23.704 25.773 24.042 23.716 23.509 23.748 28.487 26.318 24.749 24.117 24.144 25.675 24.184 24.101 24.026 24.294
 9.30 27.932 26.570 24.838 23.976 23.738 25.908 24.109 23.751 23.549 23.795 28.644 26.453 24.843 24.174 24.178 25.811 24.251 24.137 24.066 24.340
10.85 28.089 26.693 24.942 24.041 23.780 26.048 24.186 23.793 23.598 23.849 28.801 26.576 24.948 24.239 24.220 25.951 24.328 24.179 24.115 24.395
12.40 28.245 26.806 25.050 24.117 23.825 26.177 24.275 23.838 23.656 23.910 28.957 26.689 25.055 24.314 24.265 26.080 24.416 24.224 24.172 24.456
13.95 28.376 26.886 25.157 24.208 23.876 26.268 24.378 23.886 23.727 23.973 29.088 26.769 25.162 24.406 24.316 26.170 24.520 24.272 24.243 24.519
15.50 28.508 27.007 25.276 24.303 23.933 26.398 24.486 23.945 23.800 24.030 29.220 26.890 25.282 24.501 24.373 26.300 24.628 24.330 24.317 24.576
17.05 28.635 27.182 25.409 24.401 23.999 26.579 24.595 24.018 23.872 24.083 29.347 27.065 25.414 24.599 24.438 26.481 24.737 24.404 24.389 24.628
18.60 28.783 27.365 25.546 24.507 24.064 26.756 24.714 24.088 23.944 24.140 29.495 27.247 25.551 24.705 24.504 26.659 24.856 24.474 24.461 24.686
20.15 28.956 27.552 25.686 24.623 24.126 26.922 24.845 24.149 24.018 24.200 29.668 27.435 25.691 24.821 24.565 26.825 24.987 24.535 24.535 24.746
21.70 29.148 27.764 25.833 24.743 24.188 27.103 24.983 24.207 24.097 24.252 29.860 27.647 25.838 24.941 24.628 27.006 25.125 24.593 24.614 24.798
23.25 29.300 27.956 25.979 24.864 24.253 27.269 25.119 24.279 24.161 24.293 30.012 27.839 25.984 25.061 24.692 27.171 25.261 24.664 24.678 24.839
24.80 29.433 28.146 26.125 24.987 24.317 27.428 25.257 24.355 24.214 24.323 30.145 28.029 26.130 25.185 24.756 27.331 25.399 24.741 24.731 24.869
26.35 29.564 28.337 26.275 25.111 24.381 27.596 25.395 24.433 24.261 24.344 30.277 28.220 26.281 25.308 24.821 27.499 25.537 24.819 24.777 24.890
27.90 29.693 28.511 26.431 25.232 24.447 27.775 25.529 24.513 24.298 24.363 30.405 28.393 26.436 25.429 24.886 27.677 25.671 24.898 24.815 24.909
29.45 29.816 28.689 26.587 25.353 24.510 27.959 25.664 24.592 24.331 24.375 30.528 28.572 26.593 25.551 24.950 27.862 25.806 24.978 24.847 24.921
31.00 29.930 28.848 26.737 25.473 24.574 28.127 25.794 24.679 24.351 24.388 30.642 28.730 26.743 25.670 25.014 28.029 25.936 25.065 24.868 24.933
32.55 30.040 28.968 26.878 25.589 24.635 28.262 25.917 24.774 24.355 24.403 30.753 28.851 26.883 25.787 25.074 28.164 26.059 25.160 24.872 24.949
34.10 30.133 29.073 27.010 25.700 24.695 28.383 26.032 24.871 24.360 24.421 30.845 28.956 27.015 25.898 25.135 28.286 26.174 25.256 24.877 24.966
35.65 30.205 29.165 27.134 25.807 24.753 28.493 26.142 24.966 24.367 24.445 30.917 29.048 27.139 26.005 25.193 28.395 26.284 25.351 24.884 24.990
37.20 30.244 29.281 27.249 25.912 24.808 28.602 26.258 25.038 24.396 24.472 30.956 29.164 27.255 26.110 25.248 28.505 26.400 25.423 24.913 25.018
38.75 30.260 29.384 27.352 26.012 24.863 28.696 26.366 25.110 24.425 24.508 30.972 29.267 27.357 26.209 25.303 28.598 26.508 25.495 24.942 25.054
40.30 30.251 29.474 27.442 26.104 24.917 28.775 26.465 25.181 24.456 24.550 30.963 29.357 27.447 26.302 25.357 28.677 26.607 25.567 24.973 25.096
41.85 30.259 29.521 27.522 26.188 24.975 28.827 26.554 25.253 24.493 24.598 30.971 29.403 27.527 26.385 25.415 28.729 26.696 25.638 25.010 25.144
43.40 30.337 29.501 27.595 26.260 25.038 28.846 26.631 25.323 24.544 24.645 31.049 29.384 27.600 26.458 25.478 28.748 26.773 25.709 25.060 25.191
44.95 30.409 29.475 27.661 26.326 25.102 28.857 26.701 25.393 24.598 24.699 31.121 29.357 27.666 26.524 25.542 28.759 26.843 25.778 25.115 25.245
46.50 30.476 29.443 27.722 26.388 25.166 28.860 26.766 25.460 24.656 24.760 31.188 29.326 27.727 26.586 25.606 28.763 26.908 25.846 25.173 25.306
48.05 30.538 29.418 27.778 26.444 25.229 28.865 26.824 25.524 24.717 24.828 31.250 29.300 27.783 26.642 25.669 28.768 26.966 25.910 25.234 25.373
49.60 30.593 29.450 27.830 26.497 25.293 28.910 26.874 25.584 24.786 24.894 31.305 29.333 27.836 26.695 25.732 28.813 27.016 25.969 25.302 25.440
51.15 30.642 29.476 27.878 26.549 25.355 28.949 26.922 25.642 24.854 24.966 31.355 29.359 27.883 26.747 25.794 28.851 27.064 26.028 25.371 25.512
52.70 30.685 29.492 27.919 26.600 25.414 28.977 26.966 25.700 24.918 25.041 31.397 29.374 27.924 26.797 25.854 28.880 27.108 26.086 25.435 25.587
54.25 30.722 29.500 27.955 26.648 25.471 29.000 27.009 25.757 24.981 25.117 31.434 29.383 27.960 26.846 25.911 28.902 27.150 26.142 25.498 25.663
55.80 30.761 29.538 27.988 26.690 25.532 29.044 27.044 25.821 25.027 25.193 31.473 29.421 27.993 26.887 25.971 28.946 27.186 26.207 25.543 25.739
57.35 30.800 29.586 28.018 26.728 25.592 29.095 27.076 25.888 25.065 25.265 31.512 29.469 28.024 26.925 26.032 28.998 27.218 26.273 25.582 25.810
58.90 30.835 29.631 28.045 26.762 25.650 29.144 27.105 25.952 25.100 25.328 31.547 29.514 28.050 26.960 26.090 29.046 27.247 26.338 25.617 25.874
60.45 30.869 29.676 28.070 26.795 25.706 29.192 27.131 26.016 25.133 25.384 31.582 29.559 28.075 26.993 26.145 29.095 27.273 26.401 25.650 25.930
62.00 30.853 29.711 28.090 26.830 25.752 29.223 27.162 26.064 25.173 25.430 31.565 29.594 28.095 27.028 26.192 29.125 27.304 26.449 25.690 25.976
63.55 30.817 29.746 28.109 26.865 25.794 29.249 27.193 26.102 25.216 25.467 31.529 29.629 28.114 27.063 26.233 29.152 27.335 26.487 25.733 26.013
65.10 30.780 29.782 28.127 26.896 25.832 29.276 27.221 26.135 25.257 25.501 31.492 29.664 28.132 27.093 26.272 29.179 27.363 26.520 25.774 26.047
66.65 30.745 29.820 28.146 26.923 25.866 29.306 27.246 26.162 25.297 25.531 31.457 29.703 28.151 27.120 26.306 29.209 27.388 26.548 25.814 26.076
68.20 30.710 29.860 28.163 26.945 25.897 29.337 27.268 26.184 25.336 25.560 31.422 29.743 28.169 27.143 26.337 29.240 27.410 26.570 25.853 26.106
69.75 30.690 29.893 28.182 26.965 25.926 29.365 27.288 26.202 25.376 25.592 31.402 29.776 28.187 27.163 26.366 29.267 27.429 26.588 25.893 26.138
71.30 30.725 29.886 28.199 26.980 25.952 29.369 27.303 26.219 25.413 25.627 31.437 29.769 28.205 27.178 26.392 29.271 27.445 26.605 25.930 26.173
72.85 30.762 29.879 28.218 26.994 25.976 29.373 27.319 26.234 25.451 25.666 31.474 29.762 28.223 27.192 26.416 29.276 27.460 26.620 25.967 26.212
74.40 30.800 29.873 28.236 27.006 25.998 29.378 27.333 26.247 25.488 25.706 31.512 29.756 28.242 27.204 26.438 29.281 27.475 26.632 26.004 26.251
75.95 30.838 29.865 28.254 27.020 26.020 29.381 27.348 26.260 25.523 25.742 31.550 29.747 28.259 27.217 26.460 29.284 27.490 26.646 26.040 26.288
77.50 30.878 29.857 28.272 27.035 26.043 29.384 27.365 26.276 25.558 25.774 31.590 29.739 28.278 27.233 26.483 29.286 27.507 26.661 26.075 26.319
79.05 30.918 29.847 28.290 27.051 26.066 29.385 27.382 26.291 25.591 25.804 31.630 29.730 28.295 27.248 26.506 29.288 27.524 26.677 26.108 26.349
80.60 30.961 29.838 28.308 27.067 26.089 29.387 27.400 26.307 25.625 25.832 31.673 29.721 28.313 27.265 26.529 29.290 27.541 26.692 26.142 26.378
82.15 31.004 29.833 28.326 27.082 26.114 29.391 27.416 26.323 25.659 25.860 31.716 29.716 28.331 27.280 26.553 29.294 27.558 26.709 26.176 26.406
83.70 31.051 29.865 28.346 27.097 26.139 29.422 27.431 26.343 25.689 25.891 31.763 29.748 28.351 27.295 26.579 29.325 27.573 26.728 26.206 26.436
85.25 31.099 29.897 28.365 27.112 26.165 29.453 27.445 26.363 25.720 25.920 31.811 29.780 28.370 27.310 26.605 29.355 27.587 26.749 26.237 26.465
86.80 31.149 29.931 28.385 27.126 26.190 29.485 27.460 26.382 25.750 25.949 31.861 29.814 28.390 27.324 26.630 29.388 27.602 26.768 26.267 26.495
88.35 31.200 29.964 28.404 27.141 26.217 29.517 27.474 26.403 25.781 25.979 31.912 29.847 28.410 27.338 26.656 29.419 27.616 26.789 26.298 26.525
89.90 31.254 30.000 28.425 27.155 26.242 29.550 27.488 26.422 25.812 26.009 31.966 29.882 28.430 27.352 26.681 29.453 27.630 26.808 26.329 26.555
91.45 31.309 30.034 28.444 27.169 26.268 29.583 27.502 26.443 25.843 26.039 32.021 29.917 28.449 27.367 26.708 29.486 27.644 26.829 26.360 26.585
93.00 31.367 30.071 28.464 27.184 26.293 29.618 27.517 26.463 25.873 26.069 32.079 29.953 28.470 27.381 26.733 29.521 27.659 26.849 26.390 26.614
94.55 31.427 30.107 28.484 27.197 26.320 29.653 27.530 26.484 25.904 26.098 32.139 29.990 28.489 27.395 26.760 29.555 27.672 26.869 26.421 26.644
96.10 31.449 30.121 28.501 27.215 26.342 29.664 27.549 26.500 25.936 26.130 32.161 30.003 28.507 27.413 26.782 29.566 27.690 26.885 26.453 26.676
97.65 31.469 30.132 28.518 27.232 26.365 29.672 27.566 26.515 25.969 26.161 32.181 30.015 28.523 27.429 26.805 29.575 27.708 26.901 26.486 26.707
99.20 31.489 30.144 28.535 27.249 26.387 29.682 27.585 26.531 26.001 26.193 32.201 30.027 28.541 27.447 26.827 29.584 27.727 26.917 26.518 26.738
100.75 31.509 30.155 28.552 27.266 26.410 29.690 27.603 26.546 26.035 26.225 32.221 30.038 28.557 27.464 26.850 29.592 27.745 26.932 26.552 26.771
102.30 31.530 30.167 28.569 27.284 26.432 29.698 27.622 26.561 26.068 26.257 32.242 30.050 28.574 27.482 26.872 29.601 27.764 26.947 26.585 26.803
103.85 31.549 30.178 28.585 27.302 26.455 29.706 27.641 26.577 26.102 26.288 32.261 30.060 28.591 27.500 26.895 29.608 27.783 26.963 26.619 26.834
105.40 31.570 30.189 28.603 27.319 26.476 29.714 27.660 26.590 26.136 26.322 32.282 30.072 28.608 27.517 26.916 29.616 27.802 26.976 26.653 26.867
106.95 31.590 30.199 28.619 27.337 26.499 29.720 27.680 26.605 26.171 26.353 32.302 30.082 28.624 27.535 26.939 29.623 27.821 26.991 26.688 26.899
108.50 31.611 30.210 28.636 27.354 26.521 29.728 27.699 26.619 26.206 26.386 32.323 30.092 28.641 27.552 26.960 29.630 27.841 27.004 26.723 26.931
110.05 31.631 30.219 28.652 27.372 26.543 29.734 27.718 26.633 26.243 26.419 32.343 30.102 28.657 27.570 26.983 29.636 27.860 27.018 26.759 26.965
111.60 31.652 30.229 28.669 27.390 26.565 29.740 27.739 26.646 26.279 26.452 32.364 30.112 28.674 27.588 27.004 29.643 27.881 27.031 26.796 26.998
113.15 31.672 30.238 28.685 27.408 26.586 29.745 27.759 26.657 26.316 26.487 32.385 30.120 28.690 27.605 27.025 29.648 27.900 27.043 26.833 27.033
114.70 31.693 30.247 28.702 27.426 26.608 29.751 27.779 26.670 26.355 26.520 32.405 30.130 28.707 27.624 27.048 29.653 27.921 27.056 26.872 27.066
116.25 31.705 30.253 28.719 27.442 26.630 29.759 27.797 26.686 26.388 26.550 32.417 30.135 28.724 27.639 27.070 29.661 27.939 27.072 26.904 27.096
117.80 31.718 30.259 28.737 27.458 26.654 29.768 27.816 26.703 26.421 26.581 32.430 30.142 28.743 27.656 27.094 29.670 27.958 27.088 26.938 27.127
119.35 31.729 30.265 28.755 27.474 26.677 29.775 27.834 26.718 26.454 26.610 32.441 30.147 28.760 27.672 27.116 29.678 27.976 27.104 26.971 27.156
120.90 31.741 30.271 28.773 27.490 26.700 29.783 27.853 26.735 26.488 26.640 32.454 30.153 28.778 27.688 27.140 29.686 27.995 27.121 27.005 27.185
122.45 31.752 30.275 28.790 27.507 26.723 29.790 27.872 26.751 26.522 26.671 32.465 30.158 28.795 27.705 27.163 29.693 28.014 27.137 27.039 27.216
124.00 31.764 30.281 28.808 27.523 26.746 29.798 27.891 26.767 26.557 26.700 32.477 30.164 28.814 27.720 27.186 29.701 28.033 27.152 27.074 27.246
125.55 31.775 30.285 28.826 27.539 26.769 29.804 27.910 26.782 26.590 26.729 32.487 30.168 28.831 27.737 27.209 29.707 28.052 27.168 27.107 27.275
127.10 31.787 30.290 28.844 27.555 26.792 29.812 27.929 26.798 26.626 26.760 32.499 30.173 28.849 27.753 27.232 29.714 28.071 27.183 27.143 27.306
128.65 31.797 30.294 28.861 27.571 26.814 29.817 27.948 26.813 26.660 26.790 32.509 30.176 28.866 27.769 27.254 29.720 28.090 27.199 27.177 27.336
130.20 31.808 30.298 28.879 27.588 26.838 29.824 27.968 26.829 26.696 26.819 32.520 30.181 28.884 27.786 27.278 29.727 28.110 27.215 27.213 27.365
131.75 31.818 30.301 28.896 27.604 26.860 29.829 27.987 26.843 26.732 26.850 32.530 30.184 28.902 27.802 27.300 29.732 28.129 27.229 27.249 27.396
