#1 observer-frame phase [day]
#2 HSC g mag (AB)
#3 HSC r mag (AB)
#4 HSC i mag (AB)
#5 HSC z mag (AB)
#6 HSC y mag (AB)
-200.000 30.0000 30.0000 30.0000 30.0000 30.0000
-33.000 30.0000 30.0000 30.0000 30.0000 30.0000
-31.350 34.3590 31.9390 32.0000 32.0690 32.0620
-29.700 30.5290 29.4300 29.6520 29.5920 29.6310
-28.050 29.3850 28.3020 28.5270 28.4650 28.5060
-26.400 28.6410 27.5640 27.7920 27.7280 27.7690
-24.750 28.0900 27.0150 27.2420 27.1780 27.2190
-23.100 27.6300 26.5840 26.7790 26.7300 26.8270
-21.450 27.2600 26.2280 26.3930 26.3610 26.4560
-19.800 26.9470 25.9200 26.0740 26.0470 26.1410
-18.150 26.6860 25.6500 25.7920 25.7750 25.8630
-16.500 26.4730 25.4140 25.5330 25.5390 25.6120
-14.850 26.2730 25.1960 25.2960 25.3270 25.3950
-13.200 26.1220 24.9970 25.0880 25.1430 25.2060
-11.550 26.0230 24.8260 24.9180 24.9850 25.0430
 -9.900 25.8770 24.6970 24.7580 24.8510 24.9060
 -8.250 25.7060 24.6120 24.6140 24.7400 24.7930
 -6.600 25.6310 24.5500 24.5240 24.6470 24.6930
 -4.950 25.6560 24.5000 24.4840 24.5710 24.6080
 -3.300 25.7270 24.4780 24.4500 24.5160 24.5420
 -1.650 25.8470 24.4770 24.4220 24.4790 24.4900
  0.000 25.9260 24.4930 24.4040 24.4560 24.4560
  1.650 25.9510 24.5260 24.3970 24.4440 24.4400
  3.300 26.0360 24.5670 24.4060 24.4390 24.4370
  4.950 26.2080 24.6150 24.4300 24.4380 24.4490
  6.600 26.3640 24.6750 24.4630 24.4440 24.4700
  8.250 26.5080 24.7450 24.5020 24.4520 24.4980
  9.900 26.6400 24.8210 24.5530 24.4680 24.5360
 11.550 26.7640 24.9040 24.6170 24.4920 24.5790
 13.200 26.8790 24.9980 24.6850 24.5170 24.6340
 14.850 26.9620 25.1050 24.7540 24.5460 24.7100
 16.500 27.0870 25.2150 24.8390 24.5820 24.7820
 18.150 27.2690 25.3240 24.9400 24.6280 24.8470
 19.800 27.4560 25.4480 25.0310 24.6820 24.9130
 21.450 27.6450 25.5870 25.1070 24.7400 24.9800
 23.100 27.8580 25.7350 25.1800 24.8010 25.0480
 24.750 28.0490 25.8790 25.2660 24.8570 25.1150
 26.400 28.2350 26.0220 25.3590 24.9070 25.1770
 28.050 28.4230 26.1680 25.4540 24.9600 25.2270
 29.700 28.5990 26.3120 25.5500 25.0180 25.2580
 31.350 28.7810 26.4570 25.6470 25.0730 25.2840
 33.000 28.9420 26.5950 25.7480 25.1270 25.3080
 34.650 29.0640 26.7250 25.8540 25.1770 25.3310
 36.300 29.1700 26.8450 25.9590 25.2260 25.3540
 37.950 29.2630 26.9590 26.0620 25.2730 25.3800
 39.600 29.3750 27.0820 26.1400 25.3240 25.4170
 41.250 29.4720 27.1970 26.2150 25.3760 25.4590
 42.900 29.5560 27.3050 26.2810 25.4310 25.5080
 44.550 29.5990 27.3990 26.3460 25.4900 25.5620
 46.200 29.5830 27.4730 26.4170 25.5510 25.6170
 47.850 29.5600 27.5390 26.4830 25.6160 25.6790
 49.500 29.5320 27.6010 26.5460 25.6810 25.7450
 51.150 29.5110 27.6560 26.6030 25.7470 25.8140
 52.800 29.5510 27.7100 26.6560 25.8150 25.8800
 54.450 29.5850 27.7610 26.7090 25.8800 25.9460
 56.100 29.6090 27.8070 26.7630 25.9420 26.0100
 57.750 29.6270 27.8500 26.8160 26.0010 26.0710
 59.400 29.6700 27.8770 26.8820 26.0560 26.1200
 61.050 29.7230 27.8970 26.9520 26.1070 26.1630
 62.700 29.7730 27.9130 27.0200 26.1570 26.2010
 64.350 29.8220 27.9280 27.0860 26.2040 26.2340
 66.000 29.8590 27.9520 27.1340 26.2490 26.2720
 67.650 29.8930 27.9810 27.1710 26.2930 26.3080
 69.300 29.9290 28.0070 27.2010 26.3340 26.3440
 70.950 29.9680 28.0330 27.2240 26.3730 26.3760
 72.600 30.0080 28.0570 27.2400 26.4100 26.4080
 74.250 30.0420 28.0800 27.2530 26.4450 26.4410
 75.900 30.0350 28.0970 27.2660 26.4750 26.4760
 77.550 30.0300 28.1150 27.2770 26.5020 26.5120
 79.200 30.0240 28.1320 27.2850 26.5290 26.5470
 80.850 30.0170 28.1480 27.2950 26.5550 26.5810
 82.500 30.0100 28.1670 27.3090 26.5810 26.6120
 84.150 30.0020 28.1840 27.3220 26.6070 26.6420
 85.800 29.9930 28.2030 27.3360 26.6330 26.6710
 87.450 29.9890 28.2200 27.3510 26.6610 26.7000
 89.100 30.0220 28.2360 27.3690 26.6880 26.7250
 90.750 30.0540 28.2500 27.3890 26.7160 26.7500
 92.400 30.0890 28.2640 27.4070 26.7440 26.7750
 94.050 30.1220 28.2780 27.4270 26.7720 26.8010
 95.700 30.1580 28.2930 27.4450 26.7990 26.8260
 97.350 30.1930 28.3070 27.4650 26.8280 26.8510
 99.000 30.2300 28.3210 27.4850 26.8550 26.8760
100.650 30.2670 28.3340 27.5040 26.8840 26.9010
102.300 30.2780 28.3550 27.5170 26.9100 26.9310
103.950 30.2860 28.3750 27.5290 26.9370 26.9610
105.600 30.2950 28.3950 27.5410 26.9640 26.9900
107.250 30.3030 28.4160 27.5530 26.9920 27.0200
108.900 30.3110 28.4370 27.5650 27.0180 27.0500
110.550 30.3180 28.4580 27.5780 27.0460 27.0790
112.200 30.3260 28.4790 27.5890 27.0730 27.1100
113.850 30.3330 28.5000 27.6010 27.1010 27.1390
115.500 30.3400 28.5220 27.6110 27.1280 27.1690
117.150 30.3450 28.5440 27.6230 27.1560 27.1990
118.800 30.3510 28.5670 27.6340 27.1830 27.2280
120.450 30.3560 28.5890 27.6440 27.2100 27.2580
122.100 30.3620 28.6120 27.6550 27.2380 27.2880
123.750 30.3650 28.6300 27.6690 27.2640 27.3180
125.400 30.3680 28.6490 27.6850 27.2910 27.3490
127.050 30.3710 28.6670 27.6990 27.3160 27.3790
128.700 30.3740 28.6860 27.7140 27.3430 27.4090
130.350 30.3760 28.7040 27.7290 27.3680 27.4400
132.000 30.3790 28.7230 27.7430 27.3950 27.4710
133.650 30.3800 28.7420 27.7590 27.4200 27.5000
135.300 30.3820 28.7610 27.7730 27.4470 27.5320
136.950 30.3830 28.7800 27.7880 27.4720 27.5620
138.600 30.3840 28.7990 27.8030 27.4990 27.5930
140.250 30.3840 28.8180 27.8160 27.5240 27.6240
140.250 30.3840 28.8180 27.8160 27.5240 27.6240
242.897 30.0000 30.0000 28.7243 29.1290 29.5276
268.368 30.0000 30.0000 28.9496 29.5273 30.0000
298.599 30.0000 30.0000 29.2171 30.0000 30.0000
387.072 30.0000 30.0000 30.0000 30.0000 30.0000
