#1 observer-frame phase [day]
#2 HSC g mag (AB)
#3 HSC r mag (AB)
#4 HSC i mag (AB)
#5 HSC z mag (AB)
#6 HSC y mag (AB)
-200.000 30.0000 30.0000 30.0000 30.0000 30.0000
-36.000 30.0000 30.0000 30.0000 30.0000 30.0000
-34.200 36.5600 32.8270 32.3190 32.5160 32.5250
-32.400 31.6350 30.2070 29.8150 30.1590 30.0510
-30.600 30.4860 29.0770 28.6870 29.0350 28.9230
-28.800 29.7410 28.3380 27.9500 28.2990 28.1860
-27.000 29.1890 27.7890 27.4000 27.7490 27.6370
-25.200 28.7200 27.3460 26.9650 27.2730 27.1960
-23.400 28.3500 26.9750 26.6010 26.9080 26.8290
-21.600 28.0360 26.6610 26.2900 26.5970 26.5160
-19.800 27.7680 26.3910 26.0170 26.3170 26.2450
-18.000 27.5370 26.1600 25.7770 26.0580 26.0070
-16.200 27.3250 25.9480 25.5500 25.8240 25.7960
-14.400 27.1880 25.7660 25.3370 25.6310 25.6120
-12.600 27.1300 25.6180 25.1510 25.4810 25.4530
-10.800 27.0000 25.4880 24.9990 25.3360 25.3190
 -9.000 26.8280 25.3840 24.8830 25.2040 25.2090
 -7.200 26.7590 25.3310 24.7960 25.1190 25.1160
 -5.400 26.7970 25.3250 24.7340 25.0770 25.0400
 -3.600 26.8840 25.3420 24.6940 25.0390 24.9850
 -1.800 27.0250 25.3780 24.6750 25.0060 24.9490
  0.000 27.1020 25.4220 24.6700 24.9850 24.9260
  1.800 27.0930 25.4700 24.6770 24.9760 24.9150
  3.600 27.1590 25.5390 24.6960 24.9800 24.9100
  5.400 27.3400 25.6300 24.7250 24.9990 24.9110
  7.200 27.5110 25.7180 24.7660 25.0300 24.9180
  9.000 27.6770 25.8040 24.8180 25.0700 24.9290
 10.800 27.8140 25.8980 24.8770 25.1210 24.9460
 12.600 27.9290 25.9980 24.9460 25.1830 24.9690
 14.400 28.0360 26.1020 25.0240 25.2510 24.9950
 16.200 28.1160 26.2060 25.1100 25.3270 25.0250
 18.000 28.2360 26.3300 25.2030 25.4080 25.0610
 19.800 28.4060 26.4780 25.3020 25.4960 25.1060
 21.600 28.5840 26.6240 25.4080 25.5740 25.1600
 23.400 28.7720 26.7630 25.5220 25.6360 25.2170
 25.200 28.9860 26.9090 25.6380 25.6960 25.2760
 27.000 29.1850 27.0620 25.7520 25.7710 25.3300
 28.800 29.3890 27.2210 25.8690 25.8520 25.3780
 30.600 29.5890 27.3810 25.9870 25.9340 25.4290
 32.400 29.7550 27.5380 26.1070 26.0140 25.4840
 34.200 29.9240 27.6960 26.2280 26.0950 25.5370
 36.000 30.0730 27.8510 26.3480 26.1780 25.5890
 37.800 30.1880 28.0020 26.4650 26.2640 25.6380
 39.600 30.2870 28.1470 26.5770 26.3510 25.6870
 41.400 30.3740 28.2840 26.6870 26.4350 25.7340
 43.200 30.4890 28.3970 26.7920 26.5020 25.7850
 45.000 30.5920 28.4970 26.8920 26.5660 25.8370
 46.800 30.6820 28.5820 26.9850 26.6240 25.8930
 48.600 30.7270 28.6570 27.0680 26.6840 25.9520
 50.400 30.7040 28.7250 27.1390 26.7550 26.0130
 52.200 30.6740 28.7870 27.2030 26.8230 26.0770
 54.000 30.6390 28.8440 27.2610 26.8880 26.1430
 55.800 30.6100 28.8950 27.3140 26.9490 26.2090
 57.600 30.6320 28.9440 27.3690 27.0030 26.2760
 59.400 30.6470 28.9870 27.4230 27.0560 26.3420
 61.200 30.6520 29.0220 27.4780 27.1080 26.4050
 63.000 30.6500 29.0510 27.5310 27.1600 26.4650
 64.800 30.6830 29.0880 27.5740 27.2360 26.5190
 66.600 30.7290 29.1280 27.6130 27.3200 26.5710
 68.400 30.7710 29.1630 27.6500 27.4020 26.6200
 70.200 30.8130 29.1970 27.6850 27.4830 26.6660
 72.000 30.8450 29.2160 27.7240 27.5340 26.7110
 73.800 30.8770 29.2310 27.7620 27.5690 26.7550
 75.600 30.9090 29.2460 27.7950 27.5990 26.7970
 77.400 30.9430 29.2620 27.8230 27.6220 26.8360
 79.200 30.9780 29.2780 27.8470 27.6380 26.8740
 81.000 31.0060 29.2950 27.8670 27.6510 26.9090
 82.800 30.9970 29.3100 27.8800 27.6660 26.9400
 84.600 30.9890 29.3250 27.8930 27.6790 26.9680
 86.400 30.9810 29.3410 27.9050 27.6890 26.9960
 88.200 30.9710 29.3550 27.9170 27.7000 27.0230
 90.000 30.9610 29.3700 27.9320 27.7140 27.0500
 91.800 30.9510 29.3840 27.9470 27.7280 27.0770
 93.600 30.9400 29.3980 27.9640 27.7430 27.1040
 95.400 30.9340 29.4130 27.9790 27.7580 27.1320
 97.200 30.9660 29.4370 27.9930 27.7800 27.1590
 99.000 30.9980 29.4610 28.0080 27.8020 27.1880
100.800 31.0310 29.4870 28.0210 27.8230 27.2150
102.600 31.0640 29.5110 28.0350 27.8450 27.2440
104.400 31.0990 29.5360 28.0490 27.8660 27.2710
106.200 31.1330 29.5610 28.0630 27.8880 27.2990
108.000 31.1680 29.5870 28.0780 27.9100 27.3260
109.800 31.2040 29.6120 28.0910 27.9320 27.3550
111.600 31.2220 29.6280 28.1070 27.9460 27.3810
113.400 31.2370 29.6430 28.1220 27.9610 27.4090
115.200 31.2540 29.6580 28.1390 27.9750 27.4360
117.000 31.2690 29.6720 28.1540 27.9890 27.4640
118.800 31.2860 29.6860 28.1700 28.0020 27.4910
120.600 31.3010 29.7000 28.1870 28.0170 27.5190
122.400 31.3170 29.7150 28.2030 28.0290 27.5460
124.200 31.3320 29.7280 28.2190 28.0420 27.5740
126.000 31.3480 29.7420 28.2350 28.0540 27.6020
127.800 31.3630 29.7540 28.2520 28.0670 27.6300
129.600 31.3790 29.7680 28.2690 28.0780 27.6570
131.400 31.3930 29.7800 28.2860 28.0890 27.6850
133.200 31.4080 29.7930 28.3030 28.1000 27.7140
135.000 31.4160 29.8080 28.3170 28.1180 27.7400
136.800 31.4240 29.8230 28.3320 28.1370 27.7670
138.600 31.4320 29.8370 28.3460 28.1560 27.7930
140.400 31.4400 29.8530 28.3610 28.1750 27.8200
142.200 31.4470 29.8670 28.3770 28.1930 27.8460
144.000 31.4540 29.8820 28.3910 28.2120 27.8740
145.800 31.4610 29.8960 28.4060 28.2310 27.9000
147.600 31.4680 29.9100 28.4200 28.2490 27.9270
149.400 31.4740 29.9240 28.4350 28.2680 27.9530
151.200 31.4800 29.9380 28.4500 28.2870 27.9800
153.000 31.4850 29.9520 28.4650 28.3040 28.0060
153.000 31.4850 29.9520 28.4650 28.3040 28.0060
159.171 30.0000 30.0000 28.5157 28.3671 28.0965
288.955 30.0000 30.0000 29.5828 29.6938 30.0000
318.913 30.0000 30.0000 29.8292 30.0000 30.0000
339.689 30.0000 30.0000 30.0000 30.0000 30.0000
