#1 observer-frame phase [day]
#2 HSC g mag (AB)
#3 HSC r mag (AB)
#4 HSC i mag (AB)
#5 HSC z mag (AB)
#6 HSC y mag (AB)
-200.000  4.0270  4.0270  4.0270  4.0270  4.0270
-36.550  4.0270  4.0270  4.0270  4.0270  4.0270
-34.400 14.1570 10.0020  7.3730  7.0660  7.2540
-32.250  8.8450  5.8000  4.9120  4.5180  4.8960
-30.100  7.6960  4.6540  3.7850  3.3890  3.7710
-27.950  6.9510  3.9100  3.0470  2.6520  3.0360
-25.800  6.3980  3.3580  2.4980  2.1010  2.4860
-23.650  5.5500  2.9100  2.0460  1.6860  2.0180
-21.500  5.0470  2.5470  1.6780  1.3430  1.6010
-19.350  4.6710  2.2370  1.3630  1.0390  1.2700
-17.200  4.3660  1.9770  1.0910  0.7740  0.9820
-15.050  4.1120  1.7610  0.8550  0.5450  0.7220
-12.900  3.8860  1.5600  0.6380  0.3260  0.4810
-10.750  3.7460  1.4150  0.4470  0.1150  0.2650
 -8.600  3.6930  1.3290  0.2840 -0.0730  0.0830
 -6.450  3.5090  1.1920  0.1580 -0.2200 -0.0880
 -4.300  3.2490  1.0280  0.0710 -0.3240 -0.2440
 -2.150  3.1570  0.9560  0.0210 -0.4110 -0.3380
  0.000  3.2370  0.9770  0.0000 -0.4890 -0.3730
  2.150  3.3820  1.0470  0.0000 -0.5330 -0.4050
  4.300  3.6190  1.1680  0.0150 -0.5480 -0.4330
  6.450  3.7540  1.2480  0.0460 -0.5510 -0.4480
  8.600  3.7460  1.2720  0.0890 -0.5420 -0.4500
 10.750  3.8110  1.3600  0.1450 -0.5210 -0.4370
 12.900  3.9890  1.5430  0.2090 -0.4880 -0.4100
 15.050  4.1580  1.7080  0.2800 -0.4400 -0.3770
 17.200  4.3250  1.8590  0.3570 -0.3800 -0.3390
 19.350  4.4880  1.9910  0.4430 -0.3150 -0.2840
 21.500  4.6530  2.1080  0.5360 -0.2430 -0.2140
 23.650  4.8140  2.2150  0.6370 -0.1590 -0.1420
 25.800  4.9480  2.2930  0.7430 -0.0590 -0.0720
 27.950  5.0800  2.4170  0.8590  0.0430  0.0180
 30.100  5.2060  2.6000  0.9840  0.1430  0.1330
 32.250  5.3550  2.7890  1.1170  0.2580  0.2330
 34.400  5.5300  2.9810  1.2550  0.3900  0.3140
 36.550  5.7260  3.2000  1.4000  0.5290  0.3930
 38.700  5.8780  3.3970  1.5480  0.6620  0.4830
 40.850  6.0100  3.5920  1.6980  0.7970  0.5800
 43.000  6.1350  3.7880  1.8500  0.9330  0.6790
 45.150  6.2490  3.9630  2.0020  1.0660  0.7840
 47.300  6.3540  4.1430  2.1540  1.2010  0.8910
 49.450  6.4550  4.3020  2.3040  1.3260  1.0030
 51.600  6.5620  4.4200  2.4520  1.4370  1.1220
 53.750  6.6510  4.5220  2.5930  1.5370  1.2410
 55.900  6.7180  4.6110  2.7270  1.6330  1.3590
 58.050  6.7530  4.7310  2.8460  1.7520  1.4440
 60.200  6.7640  4.8390  2.9520  1.8650  1.5250
 62.350  6.7490  4.9350  3.0470  1.9720  1.5960
 64.500  6.7550  4.9840  3.1310  2.0660  1.6640
 66.650  6.8380  4.9600  3.2070  2.1360  1.7370
 68.800  6.9150  4.9290  3.2760  2.2000  1.8030
 70.950  6.9890  4.8940  3.3410  2.2570  1.8630
 73.100  7.0560  4.8650  3.4000  2.3080  1.9180
 75.250  7.1080  4.8970  3.4530  2.3610  1.9720
 77.400  7.1550  4.9210  3.5020  2.4130  2.0250
 79.550  7.1950  4.9350  3.5430  2.4640  2.0810
 81.700  7.2290  4.9430  3.5790  2.5120  2.1370
 83.850  7.2650  4.9810  3.6090  2.5450  2.1980
 86.000  7.3010  5.0300  3.6360  2.5710  2.2610
 88.150  7.3330  5.0760  3.6590  2.5940  2.3230
 90.300  7.3640  5.1220  3.6800  2.6150  2.3840
 92.450  7.3500  5.1600  3.6980  2.6490  2.4320
 94.600  7.3200  5.1980  3.7170  2.6860  2.4690
 96.750  7.2890  5.2370  3.7350  2.7200  2.4990
 98.900  7.2600  5.2800  3.7540  2.7500  2.5220
101.050  7.2290  5.3240  3.7720  2.7770  2.5380
103.200  7.2130  5.3600  3.7920  2.8000  2.5490
105.350  7.2460  5.3510  3.8100  2.8140  2.5600
107.500  7.2820  5.3420  3.8300  2.8280  2.5700
109.650  7.3180  5.3330  3.8500  2.8410  2.5770
111.800  7.3540  5.3230  3.8690  2.8540  2.5850
113.950  7.3920  5.3130  3.8880  2.8700  2.5980
116.100  7.4300  5.3010  3.9070  2.8850  2.6100
118.250  7.4700  5.2900  3.9270  2.9020  2.6240
120.400  7.5110  5.2830  3.9450  2.9170  2.6370
122.550  7.5590  5.3160  3.9650  2.9310  2.6540
124.700  7.6080  5.3480  3.9830  2.9440  2.6720
126.850  7.6590  5.3830  4.0030  2.9560  2.6880
129.000  7.7110  5.4160  4.0220  2.9690  2.7060
131.150  7.7660  5.4520  4.0410  2.9820  2.7230
133.300  7.8220  5.4870  4.0600  2.9940  2.7420
135.450  7.8820  5.5230  4.0800  3.0070  2.7600
137.600  7.9430  5.5600  4.0980  3.0190  2.7770
139.750  7.9650  5.5720  4.1170  3.0380  2.7880
141.900  7.9850  5.5820  4.1350  3.0570  2.7980
144.050  8.0060  5.5930  4.1540  3.0770  2.8080
146.200  8.0260  5.6020  4.1720  3.0960  2.8180
148.350  8.0470  5.6120  4.1910  3.1160  2.8280
150.500  8.0670  5.6210  4.2090  3.1370  2.8380
152.650  8.0880  5.6310  4.2270  3.1570  2.8470
154.800  8.1080  5.6390  4.2450  3.1780  2.8560
156.950  8.1290  5.6480  4.2640  3.1990  2.8650
159.100  8.1500  5.6550  4.2820  3.2210  2.8740
161.250  8.1710  5.6630  4.3000  3.2430  2.8830
163.400  8.1920  5.6700  4.3180  3.2660  2.8910
165.550  8.2130  5.6770  4.3370  3.2890  2.8990
167.700  8.2250  5.6810  4.3550  3.3050  2.9110
169.850  8.2370  5.6850  4.3740  3.3230  2.9230
172.000  8.2490  5.6890  4.3920  3.3390  2.9350
174.150  8.2610  5.6920  4.4110  3.3570  2.9470
176.300  8.2720  5.6950  4.4280  3.3740  2.9600
178.450  8.2840  5.6980  4.4470  3.3910  2.9710
180.600  8.2950  5.7000  4.4650  3.4090  2.9830
182.750  8.3060  5.7030  4.4840  3.4260  2.9940
184.900  8.3170  5.7050  4.5020  3.4440  3.0060
187.050  8.3280  5.7070  4.5210  3.4620  3.0180
189.200  8.3380  5.7080  4.5390  3.4790  3.0290
189.200  8.3380  5.7080  4.5390  3.4790  3.0290
189.200  8.3380  5.7080  4.5390  3.4790  3.0290
189.200  8.3380  5.7080  4.5390  3.4790  3.0290
256.143  4.0270  4.0270  4.0270  4.0270  3.3902
374.174  4.0270  4.0270  4.0270  4.0270  4.0270
