#1 observer-frame phase [day]
#2 HSC g mag (AB)
#3 HSC r mag (AB)
#4 HSC i mag (AB)
#5 HSC z mag (AB)
#6 HSC y mag (AB)
-200.000  3.6190  3.6190  3.6190  3.6190  3.6190
-36.800  3.6190  3.6190  3.6190  3.6190  3.6190
-34.500 14.6080 11.2430  7.7860  6.8430  6.9730
-32.200  9.0300  6.3120  4.9660  4.3300  4.5370
-29.900  7.8810  5.1630  3.8330  3.2020  3.4110
-27.600  7.1350  4.4180  3.0920  2.4640  2.6740
-25.300  6.5820  3.8660  2.5420  1.9150  2.1240
-23.000  5.6890  3.3870  2.0680  1.5260  1.6830
-20.700  5.1670  3.0140  1.6900  1.1980  1.3120
-18.400  4.7830  2.6990  1.3720  0.9020  0.9970
-16.100  4.4600  2.4300  1.1030  0.6410  0.7250
-13.800  4.1720  2.2000  0.8750  0.4110  0.4900
-11.500  3.9260  1.9880  0.6660  0.1950  0.2650
 -9.200  3.7630  1.8530  0.4850  0.0000  0.0530
 -6.900  3.6780  1.7980  0.3340 -0.1680 -0.1340
 -4.600  3.5170  1.6670  0.1910 -0.2760 -0.2910
 -2.300  3.3120  1.4930  0.0630 -0.3200 -0.4150
  0.000  3.2490  1.4220  0.0000 -0.3620 -0.5070
  2.300  3.3350  1.4570  0.0000 -0.4200 -0.5720
  4.600  3.4870  1.5400  0.0310 -0.4520 -0.6130
  6.900  3.7310  1.6760  0.0880 -0.4610 -0.6330
  9.200  3.8780  1.7480  0.1450 -0.4480 -0.6410
 11.500  3.8840  1.7360  0.1990 -0.4150 -0.6380
 13.800  3.9620  1.8000  0.2780 -0.3780 -0.6180
 16.100  4.1480  1.9810  0.3840 -0.3440 -0.5800
 18.400  4.3260  2.1520  0.4910 -0.2980 -0.5340
 20.700  4.5000  2.3190  0.6010 -0.2440 -0.4820
 23.000  4.6780  2.4560  0.7210 -0.1930 -0.4160
 25.300  4.8650  2.5700  0.8530 -0.1390 -0.3370
 27.600  5.0500  2.6770  0.9790 -0.0680 -0.2490
 29.900  5.2010  2.7560  1.0840  0.0310 -0.1520
 32.200  5.3370  2.8730  1.2180  0.1190 -0.0420
 34.500  5.4450  3.0410  1.3910  0.1890  0.0810
 36.800  5.5860  3.2190  1.5580  0.2930  0.2010
 39.100  5.7640  3.4080  1.7140  0.4340  0.3210
 41.400  5.9650  3.6230  1.8810  0.5830  0.4460
 43.700  6.1180  3.8230  2.0370  0.7260  0.5750
 46.000  6.2510  4.0260  2.1900  0.8660  0.7110
 48.300  6.3680  4.2260  2.3500  1.0060  0.8460
 50.600  6.4600  4.3910  2.5240  1.1420  0.9740
 52.900  6.5380  4.5600  2.7030  1.2760  1.1030
 55.200  6.6190  4.7090  2.8680  1.4070  1.2280
 57.500  6.7160  4.8250  3.0090  1.5400  1.3420
 59.800  6.7930  4.9250  3.1390  1.6620  1.4500
 62.100  6.8470  5.0120  3.2580  1.7800  1.5540
 64.400  6.8720  5.1280  3.3660  1.9140  1.6610
 66.700  6.8730  5.2310  3.4580  2.0410  1.7610
 69.000  6.8480  5.3210  3.5350  2.1650  1.8520
 71.300  6.8500  5.3660  3.5980  2.2710  1.9350
 73.600  6.9400  5.3410  3.6560  2.3410  2.0110
 75.900  7.0260  5.3100  3.7080  2.4040  2.0800
 78.200  7.1090  5.2740  3.7530  2.4610  2.1430
 80.500  7.1840  5.2430  3.7940  2.5130  2.1990
 82.800  7.2320  5.2650  3.8440  2.5690  2.2480
 85.100  7.2740  5.2800  3.8890  2.6210  2.2950
 87.400  7.3080  5.2850  3.9240  2.6690  2.3420
 89.700  7.3370  5.2830  3.9540  2.7140  2.3880
 92.000  7.3660  5.3150  3.9970  2.7260  2.4350
 94.300  7.3950  5.3600  4.0430  2.7280  2.4820
 96.600  7.4200  5.4020  4.0860  2.7270  2.5270
 98.900  7.4430  5.4420  4.1280  2.7250  2.5690
101.200  7.4330  5.4740  4.1510  2.7450  2.6090
103.500  7.4100  5.5050  4.1690  2.7760  2.6450
105.800  7.3860  5.5370  4.1870  2.8050  2.6760
108.100  7.3630  5.5710  4.2080  2.8350  2.7020
110.400  7.3390  5.6050  4.2290  2.8620  2.7230
112.700  7.3270  5.6330  4.2510  2.8880  2.7410
115.000  7.3590  5.6240  4.2660  2.9060  2.7530
117.300  7.3930  5.6160  4.2830  2.9240  2.7650
119.600  7.4280  5.6080  4.3000  2.9410  2.7750
121.900  7.4620  5.5980  4.3160  2.9580  2.7860
124.200  7.4980  5.5890  4.3320  2.9770  2.8000
126.500  7.5340  5.5780  4.3460  2.9950  2.8140
128.800  7.5720  5.5680  4.3610  3.0150  2.8300
131.100  7.6110  5.5610  4.3770  3.0320  2.8440
133.400  7.6610  5.5940  4.4050  3.0420  2.8610
135.700  7.7120  5.6250  4.4320  3.0510  2.8780
138.000  7.7650  5.6590  4.4600  3.0610  2.8950
140.300  7.8190  5.6920  4.4880  3.0690  2.9120
142.600  7.8770  5.7260  4.5180  3.0790  2.9280
144.900  7.9360  5.7600  4.5460  3.0870  2.9450
147.200  7.9980  5.7960  4.5770  3.0960  2.9620
149.500  8.0630  5.8320  4.6060  3.1040  2.9770
151.800  8.0860  5.8500  4.6180  3.1280  2.9930
154.100  8.1060  5.8660  4.6270  3.1520  3.0070
156.400  8.1270  5.8830  4.6360  3.1770  3.0230
158.700  8.1480  5.8980  4.6450  3.2010  3.0380
161.000  8.1690  5.9150  4.6540  3.2270  3.0540
163.300  8.1890  5.9310  4.6620  3.2530  3.0700
165.600  8.2110  5.9470  4.6700  3.2790  3.0850
167.900  8.2320  5.9630  4.6770  3.3060  3.1010
170.200  8.2530  5.9790  4.6850  3.3330  3.1160
172.500  8.2740  5.9940  4.6910  3.3610  3.1330
174.800  8.2960  6.0100  4.6980  3.3900  3.1490
177.100  8.3180  6.0250  4.7030  3.4180  3.1650
179.400  8.3390  6.0410  4.7090  3.4480  3.1820
181.700  8.3510  6.0490  4.7220  3.4650  3.1990
184.000  8.3640  6.0580  4.7370  3.4840  3.2160
186.300  8.3750  6.0660  4.7490  3.5020  3.2330
188.600  8.3870  6.0740  4.7630  3.5200  3.2510
190.900  8.3980  6.0810  4.7750  3.5380  3.2690
193.200  8.4100  6.0900  4.7890  3.5570  3.2860
195.500  8.4210  6.0960  4.8010  3.5750  3.3040
197.800  8.4330  6.1040  4.8140  3.5930  3.3210
200.100  8.4430  6.1100  4.8260  3.6110  3.3400
202.400  8.4540  6.1170  4.8390  3.6300  3.3580
204.700  8.4640  6.1230  4.8500  3.6480  3.3760
204.700  8.4640  6.1230  4.8500  3.6480  3.3760
204.700  8.4640  6.1230  4.8500  3.6480  3.3760
204.700  8.4640  6.1230  4.8500  3.6480  3.3760
204.700  8.4640  6.1230  4.8500  3.6480  3.3760
235.750  3.6190  3.6190  3.6190  3.6190  3.6190
