#1 observer-frame phase [day]
#2 HSC g mag (AB)
#3 HSC r mag (AB)
#4 HSC i mag (AB)
#5 HSC z mag (AB)
#6 HSC y mag (AB)
-200.000  3.1390  3.1390  3.1390  3.1390  3.1390
-39.200  3.1390  3.1390  3.1390  3.1390  3.1390
-36.750 14.9300 12.2930  8.3360  6.7990  6.5970
-34.300  9.2480  7.1150  4.9090  4.5490  3.9700
-31.850  8.0990  5.9670  3.7690  3.4270  2.8400
-29.400  7.3530  5.2210  3.0260  2.6910  2.1010
-26.950  6.8010  4.6690  2.4740  2.1430  1.5510
-24.500  5.7810  4.0660  1.9990  1.7450  1.1330
-22.050  5.2230  3.6470  1.6210  1.3820  0.8010
-19.600  4.8240  3.3090  1.3040  1.0720  0.5020
-17.150  4.4780  3.0330  1.0460  0.7760  0.2420
-14.700  4.1560  2.8130  0.8440  0.4790  0.0180
-12.250  3.8910  2.6070  0.6510  0.2270 -0.1960
 -9.800  3.6970  2.4920  0.4860  0.0370 -0.4010
 -7.350  3.5660  2.4750  0.3530 -0.0960 -0.5860
 -4.900  3.4230  2.3270  0.2060 -0.2130 -0.7120
 -2.450  3.2810  2.0950  0.0590 -0.3060 -0.7800
  0.000  3.2530  2.0000  0.0000 -0.3710 -0.8460
  2.450  3.3520  2.0420  0.0310 -0.4160 -0.9230
  4.900  3.5010  2.1330  0.1010 -0.4430 -0.9650
  7.350  3.7160  2.2790  0.2110 -0.4560 -0.9750
  9.800  3.8470  2.3500  0.2930 -0.4430 -0.9660
 12.250  3.8610  2.3220  0.3370 -0.4100 -0.9380
 14.700  3.9500  2.3810  0.4280 -0.3670 -0.9050
 17.150  4.1540  2.5750  0.5840 -0.3170 -0.8730
 19.600  4.3530  2.7550  0.7290 -0.2530 -0.8240
 22.050  4.5530  2.9260  0.8680 -0.1810 -0.7620
 24.500  4.7460  3.0700  1.0030 -0.0970 -0.6970
 26.950  4.9380  3.1930  1.1380 -0.0040 -0.6290
 29.400  5.1260  3.3090  1.2630  0.0990 -0.5460
 31.850  5.2730  3.3990  1.3500  0.2150 -0.4410
 34.300  5.4050  3.5040  1.4800  0.3460 -0.3470
 36.750  5.5070  3.6260  1.6690  0.4920 -0.2690
 39.200  5.6480  3.7850  1.8520  0.6310 -0.1580
 41.650  5.8330  3.9880  2.0240  0.7600 -0.0100
 44.100  6.0420  4.2250  2.2120  0.8900  0.1500
 46.550  6.2020  4.4170  2.3870  1.0410  0.2900
 49.000  6.3390  4.5940  2.5580  1.2040  0.4230
 51.450  6.4520  4.7700  2.7360  1.3670  0.5590
 53.900  6.5210  4.9270  2.9140  1.5240  0.6950
 56.350  6.5740  5.0860  3.0980  1.6810  0.8320
 58.800  6.6350  5.2280  3.2630  1.8370  0.9610
 61.250  6.7220  5.3440  3.3930  1.9920  1.0790
 63.700  6.7880  5.4430  3.5090  2.1420  1.1860
 66.150  6.8300  5.5270  3.6120  2.2850  1.2870
 68.600  6.8530  5.6170  3.7230  2.3910  1.4220
 71.050  6.8520  5.6890  3.8180  2.4800  1.5510
 73.500  6.8250  5.7410  3.8990  2.5540  1.6780
 75.950  6.8290  5.7580  3.9490  2.6260  1.7880
 78.400  6.9280  5.7360  3.9570  2.7190  1.8560
 80.850  7.0240  5.7080  3.9560  2.8080  1.9170
 83.300  7.1190  5.6730  3.9490  2.8950  1.9720
 85.750  7.2050  5.6460  3.9460  2.9730  2.0220
 88.200  7.2480  5.6800  3.9910  3.0130  2.0810
 90.650  7.2850  5.7070  4.0290  3.0470  2.1380
 93.100  7.3130  5.7250  4.0590  3.0710  2.1930
 95.550  7.3350  5.7350  4.0810  3.0890  2.2450
 98.000  7.3550  5.7610  4.1290  3.1240  2.2610
100.450  7.3740  5.7920  4.1850  3.1640  2.2650
102.900  7.3890  5.8190  4.2390  3.1990  2.2660
105.350  7.4020  5.8440  4.2940  3.2320  2.2660
107.800  7.3930  5.8570  4.3300  3.2430  2.2930
110.250  7.3770  5.8660  4.3620  3.2460  2.3320
112.700  7.3590  5.8740  4.3950  3.2490  2.3690
115.150  7.3430  5.8830  4.4320  3.2530  2.4050
117.600  7.3250  5.8920  4.4700  3.2560  2.4390
120.050  7.3170  5.9000  4.5030  3.2640  2.4710
122.500  7.3460  5.9050  4.5010  3.2810  2.4890
124.950  7.3770  5.9090  4.5010  3.2990  2.5080
127.400  7.4090  5.9140  4.5000  3.3170  2.5270
129.850  7.4400  5.9170  4.4980  3.3340  2.5450
132.300  7.4720  5.9210  4.4950  3.3520  2.5660
134.750  7.5040  5.9230  4.4920  3.3680  2.5860
137.200  7.5380  5.9260  4.4880  3.3860  2.6080
139.650  7.5730  5.9320  4.4870  3.4020  2.6270
142.100  7.6250  5.9700  4.5190  3.4250  2.6360
144.550  7.6770  6.0080  4.5490  3.4470  2.6430
147.000  7.7330  6.0470  4.5820  3.4700  2.6520
149.450  7.7890  6.0870  4.6140  3.4920  2.6590
151.900  7.8500  6.1290  4.6480  3.5160  2.6670
154.350  7.9110  6.1710  4.6810  3.5380  2.6740
156.800  7.9770  6.2150  4.7160  3.5610  2.6820
159.250  8.0450  6.2590  4.7510  3.5840  2.6890
161.700  8.0680  6.2800  4.7610  3.6000  2.7130
164.150  8.0890  6.2980  4.7680  3.6160  2.7360
166.600  8.1100  6.3180  4.7750  3.6320  2.7610
169.050  8.1310  6.3360  4.7810  3.6460  2.7850
171.500  8.1520  6.3560  4.7880  3.6620  2.8110
173.950  8.1730  6.3740  4.7940  3.6760  2.8360
176.400  8.1950  6.3940  4.8000  3.6910  2.8620
178.850  8.2160  6.4120  4.8050  3.7050  2.8890
181.300  8.2380  6.4320  4.8100  3.7200  2.9170
183.750  8.2590  6.4510  4.8140  3.7330  2.9450
186.200  8.2820  6.4700  4.8190  3.7470  2.9740
188.650  8.3030  6.4890  4.8220  3.7600  3.0030
191.100  8.3260  6.5080  4.8250  3.7740  3.0330
193.550  8.3370  6.5200  4.8300  3.7950  3.0510
196.000  8.3500  6.5330  4.8350  3.8170  3.0710
198.450  8.3610  6.5440  4.8390  3.8370  3.0890
200.900  8.3740  6.5560  4.8440  3.8590  3.1080
203.350  8.3850  6.5670  4.8470  3.8800  3.1270
205.800  8.3970  6.5790  4.8520  3.9020  3.1460
208.250  8.4070  6.5900  4.8550  3.9230  3.1650
210.700  8.4190  6.6010  4.8590  3.9460  3.1840
213.150  8.4290  6.6120  4.8610  3.9670  3.2040
215.600  8.4400  6.6230  4.8640  3.9890  3.2240
218.050  8.4500  6.6320  4.8650  4.0110  3.2430
218.050  8.4500  6.6320  4.8650  4.0110  3.2430
218.050  8.4500  6.6320  4.8650  4.0110  3.2430
218.050  8.4500  6.6320  4.8650  4.0110  3.2430
218.050  8.4500  6.6320  4.8650  4.0110  3.2430
218.050  8.4500  6.6320  4.8650  4.0110  3.2430
