#1 observer-frame phase [day]
#2 Johnson U mag (Vega)
#3 Johnson B mag (Vega)
#4 Johnson V mag (Vega)
#5 Johnson R mag (Vega)
#6 Johnson I mag (Vega)
#7 HSC g mag (Vega)
#8 HSC r mag (Vega)
#9 HSC i mag (Vega)
#10 HSC z mag (Vega)
#11 HSC y mag (Vega)
#12 Johnson U mag (AB)
#13 Johnson B mag (AB)
#14 Johnson V mag (AB)
#15 Johnson R mag (AB)
#16 Johnson I mag (AB)
#17 HSC g mag (AB)
#18 HSC r mag (AB)
#19 HSC i mag (AB)
#20 HSC z mag (AB)
#21 HSC y mag (AB)
-51.00 102.081 102.486 101.898 101.334 100.635 102.288 101.497 100.788 100.342 100.112 102.793 102.369 101.904 101.532 101.075 102.191 101.639 101.174 100.859 100.658
-48.45 43.058 42.751 41.160 37.935 34.812 42.354 39.838 35.599 33.591 33.056 43.770 42.634 41.165 38.133 35.252 42.256 39.980 35.985 34.108 33.602
-45.90 38.367 37.872 35.547 33.532 31.422 36.888 34.707 31.733 30.998 30.640 39.079 37.755 35.552 33.730 31.862 36.790 34.849 32.119 31.515 31.186
-43.35 37.219 36.724 34.398 32.385 30.282 35.739 33.558 30.589 29.869 29.515 37.931 36.607 34.403 32.583 30.721 35.641 33.700 30.975 30.386 30.060
-40.80 36.474 35.979 33.652 31.641 29.539 34.993 32.813 29.845 29.130 28.777 37.186 35.862 33.657 31.838 29.979 34.896 32.955 30.231 29.646 29.323
-38.25 35.922 35.427 33.099 31.088 28.988 34.441 32.260 29.294 28.580 28.228 36.634 35.309 33.104 31.286 29.428 34.343 32.402 29.679 29.097 28.774
-35.70 33.803 33.656 32.277 30.519 28.515 33.158 31.513 28.842 28.080 27.848 34.516 33.539 32.282 30.717 28.955 33.061 31.655 29.227 28.597 28.394
-33.15 33.090 32.984 31.774 30.110 28.139 32.547 31.046 28.476 27.693 27.514 33.802 32.867 31.779 30.308 28.579 32.449 31.188 28.861 28.210 28.060
-30.60 32.636 32.543 31.397 29.776 27.823 32.128 30.686 28.164 27.372 27.215 33.348 32.426 31.403 29.974 28.263 32.030 30.828 28.550 27.889 27.761
-28.05 32.249 32.179 31.076 29.505 27.565 31.769 30.401 27.903 27.094 26.950 32.961 32.062 31.081 29.703 28.005 31.672 30.543 28.289 27.610 27.496
-25.50 31.887 31.854 30.785 29.289 27.363 31.437 30.183 27.688 26.849 26.714 32.599 31.737 30.790 29.487 27.802 31.340 30.325 28.074 27.365 27.260
-22.95 31.600 31.587 30.537 29.086 27.170 31.166 29.979 27.487 26.629 26.495 32.312 31.470 30.542 29.284 27.609 31.068 30.120 27.873 27.146 27.041
-20.40 31.382 31.386 30.370 28.961 27.004 30.962 29.870 27.334 26.434 26.303 32.094 31.269 30.375 29.158 27.443 30.865 30.012 27.720 26.950 26.849
-17.85 31.221 31.244 30.278 28.917 26.869 30.818 29.865 27.234 26.265 26.143 31.933 31.127 30.283 29.115 27.309 30.720 30.007 27.619 26.782 26.689
-15.30 31.078 31.112 30.117 28.767 26.724 30.682 29.695 27.089 26.134 26.035 31.790 30.995 30.123 28.965 27.164 30.584 29.837 27.475 26.651 26.581
-12.75 30.956 30.998 29.919 28.553 26.581 30.562 29.422 26.923 26.039 25.984 31.668 30.880 29.924 28.751 27.020 30.465 29.564 27.309 26.556 26.530
-10.20 30.937 30.983 29.860 28.457 26.523 30.547 29.317 26.851 25.990 25.938 31.649 30.865 29.865 28.655 26.963 30.450 29.459 27.237 26.507 26.484
-7.65 31.031 31.073 29.950 28.479 26.552 30.645 29.378 26.874 25.985 25.880 31.743 30.956 29.955 28.677 26.992 30.547 29.520 27.260 26.502 26.426
-5.10 31.156 31.194 30.104 28.553 26.620 30.780 29.479 26.946 26.003 25.844 31.868 31.076 30.110 28.750 27.059 30.683 29.621 27.332 26.520 26.389
-2.55 31.317 31.345 30.349 28.683 26.725 30.959 29.624 27.072 26.039 25.826 32.029 31.228 30.354 28.881 27.165 30.862 29.766 27.458 26.556 26.372
 0.00 31.427 31.441 30.495 28.759 26.806 31.071 29.691 27.155 26.088 25.834 32.139 31.324 30.500 28.956 27.245 30.974 29.833 27.541 26.605 26.380
 2.55 31.472 31.464 30.498 28.761 26.855 31.093 29.658 27.184 26.150 25.864 32.184 31.347 30.503 28.959 27.295 30.995 29.800 27.570 26.667 26.410
 5.10 31.574 31.564 30.573 28.837 26.949 31.189 29.715 27.270 26.222 25.901 32.286 31.447 30.578 29.034 27.389 31.091 29.857 27.656 26.739 26.447
 7.65 31.758 31.785 30.759 29.026 27.104 31.401 29.915 27.442 26.299 25.940 32.470 31.668 30.764 29.224 27.544 31.303 30.057 27.827 26.816 26.486
10.20 31.937 31.998 30.938 29.196 27.247 31.604 30.098 27.597 26.393 25.985 32.649 31.881 30.943 29.394 27.687 31.507 30.240 27.983 26.910 26.531
12.75 32.118 32.213 31.116 29.351 27.383 31.806 30.270 27.741 26.504 26.035 32.830 32.096 31.122 29.549 27.822 31.709 30.412 28.127 27.020 26.580
15.30 32.315 32.409 31.292 29.492 27.517 31.996 30.424 27.874 26.630 26.084 33.027 32.292 31.297 29.690 27.957 31.898 30.566 28.259 27.146 26.630
17.85 32.533 32.592 31.470 29.625 27.653 32.178 30.566 27.999 26.772 26.138 33.245 32.475 31.475 29.822 28.093 32.080 30.707 28.385 27.288 26.684
20.40 32.746 32.773 31.644 29.744 27.778 32.354 30.702 28.113 26.908 26.210 33.458 32.655 31.649 29.942 28.218 32.256 30.844 28.499 27.425 26.755
22.95 32.904 32.921 31.784 29.825 27.866 32.490 30.811 28.194 27.018 26.314 33.616 32.804 31.789 30.022 28.305 32.392 30.953 28.580 27.535 26.860
25.50 33.074 33.065 31.915 29.937 27.997 32.627 30.927 28.319 27.154 26.411 33.786 32.948 31.920 30.135 28.436 32.529 31.069 28.705 27.671 26.957
28.05 33.253 33.198 32.028 30.092 28.185 32.759 31.050 28.501 27.322 26.497 33.966 33.080 32.033 30.289 28.625 32.662 31.192 28.887 27.838 27.043
30.60 33.422 33.342 32.176 30.261 28.368 32.911 31.204 28.688 27.482 26.606 34.134 33.225 32.181 30.459 28.808 32.814 31.346 29.074 27.999 27.152
33.15 33.572 33.499 32.366 30.447 28.538 33.086 31.395 28.877 27.631 26.741 34.284 33.382 32.372 30.645 28.978 32.988 31.537 29.263 28.148 27.287
35.70 33.732 33.669 32.583 30.658 28.725 33.280 31.613 29.090 27.787 26.881 34.444 33.551 32.589 30.855 29.165 33.183 31.755 29.476 28.304 27.427
38.25 33.863 33.814 32.744 30.845 28.897 33.433 31.787 29.282 27.934 27.027 34.575 33.697 32.750 31.043 29.337 33.335 31.928 29.668 28.450 27.572
40.80 33.978 33.948 32.881 31.028 29.066 33.566 31.942 29.471 28.074 27.176 34.691 33.830 32.886 31.226 29.505 33.469 32.084 29.857 28.590 27.722
43.35 34.092 34.075 32.996 31.211 29.240 33.681 32.096 29.662 28.225 27.323 34.804 33.958 33.002 31.409 29.680 33.583 32.238 30.047 28.742 27.869
45.90 34.209 34.193 33.072 31.377 29.419 33.761 32.241 29.838 28.400 27.460 34.921 34.076 33.077 31.575 29.859 33.663 32.383 30.224 28.917 28.006
48.45 34.317 34.302 33.133 31.546 29.604 33.827 32.384 30.020 28.581 27.595 35.029 34.185 33.138 31.744 30.044 33.729 32.526 30.406 29.097 28.141
51.00 34.405 34.396 33.203 31.697 29.771 33.896 32.512 30.181 28.748 27.730 35.117 34.279 33.208 31.895 30.210 33.799 32.654 30.567 29.265 28.275
53.55 34.473 34.476 33.301 31.816 29.902 33.987 32.621 30.304 28.893 27.870 35.185 34.359 33.306 32.013 30.341 33.889 32.763 30.689 29.410 28.416
56.10 34.518 34.534 33.379 31.919 30.019 34.056 32.712 30.410 29.028 28.003 35.230 34.417 33.385 32.117 30.459 33.959 32.854 30.796 29.544 28.549
58.65 34.546 34.573 33.433 32.008 30.124 34.104 32.784 30.504 29.152 28.131 35.258 34.456 33.438 32.205 30.563 34.007 32.926 30.890 29.669 28.676
61.20 34.629 34.648 33.449 32.104 30.234 34.152 32.845 30.619 29.262 28.260 35.341 34.531 33.455 32.301 30.674 34.054 32.987 31.005 29.779 28.806
63.75 34.694 34.703 33.442 32.182 30.329 34.176 32.883 30.719 29.356 28.381 35.406 34.586 33.447 32.380 30.768 34.078 33.025 31.105 29.873 28.927
66.30 34.739 34.736 33.408 32.243 30.409 34.176 32.899 30.807 29.436 28.496 35.451 34.619 33.413 32.441 30.849 34.078 33.041 31.193 29.953 29.042
68.85 34.792 34.775 33.405 32.276 30.460 34.194 32.910 30.852 29.509 28.597 35.504 34.658 33.411 32.474 30.900 34.097 33.052 31.238 30.026 29.142
71.40 34.893 34.859 33.501 32.280 30.474 34.285 32.949 30.833 29.589 28.672 35.605 34.742 33.506 32.478 30.914 34.188 33.091 31.219 30.106 29.218
73.95 34.991 34.937 33.593 32.276 30.480 34.372 32.979 30.808 29.664 28.741 35.703 34.820 33.598 32.473 30.920 34.274 33.121 31.194 30.181 29.287
76.50 35.089 35.012 33.683 32.264 30.479 34.456 33.002 30.777 29.734 28.805 35.801 34.895 33.688 32.462 30.919 34.358 33.144 31.163 30.251 29.351
79.05 35.177 35.077 33.764 32.256 30.480 34.530 33.022 30.753 29.798 28.863 35.889 34.959 33.770 32.453 30.920 34.432 33.164 31.139 30.315 29.409
81.60 35.220 35.108 33.814 32.289 30.526 34.567 33.061 30.792 29.849 28.916 35.933 34.990 33.819 32.487 30.966 34.470 33.203 31.178 30.366 29.462
84.15 35.258 35.132 33.858 32.316 30.565 34.598 33.094 30.824 29.893 28.965 35.970 35.015 33.863 32.513 31.005 34.500 33.236 31.210 30.410 29.511
86.70 35.287 35.147 33.894 32.333 30.595 34.619 33.119 30.846 29.929 29.009 36.000 35.029 33.900 32.531 31.034 34.522 33.261 31.232 30.446 29.554
89.25 35.311 35.154 33.925 32.343 30.618 34.634 33.137 30.862 29.958 29.048 36.023 35.037 33.930 32.541 31.058 34.537 33.279 31.248 30.475 29.594
91.80 35.335 35.144 33.960 32.375 30.664 34.644 33.162 30.906 29.996 29.067 36.047 35.027 33.965 32.572 31.104 34.547 33.304 31.291 30.512 29.612
94.35 35.360 35.129 33.996 32.413 30.719 34.652 33.190 30.960 30.035 29.077 36.072 35.012 34.001 32.611 31.159 34.554 33.332 31.345 30.552 29.623
96.90 35.381 35.111 34.028 32.448 30.772 34.655 33.214 31.011 30.071 29.084 36.093 34.994 34.033 32.646 31.212 34.558 33.356 31.397 30.588 29.630
99.45 35.400 35.092 34.059 32.482 30.824 34.658 33.236 31.062 30.105 29.090 36.112 34.975 34.064 32.680 31.264 34.560 33.378 31.448 30.622 29.635
102.00 35.397 35.055 34.057 32.503 30.859 34.640 33.236 31.102 30.120 29.109 36.109 34.937 34.063 32.701 31.299 34.543 33.378 31.488 30.637 29.655
104.55 35.386 35.012 34.044 32.521 30.890 34.617 33.229 31.140 30.130 29.135 36.098 34.894 34.050 32.718 31.329 34.519 33.371 31.525 30.647 29.681
107.10 35.374 34.969 34.030 32.538 30.921 34.592 33.220 31.179 30.141 29.160 36.086 34.851 34.036 32.735 31.361 34.495 33.362 31.564 30.657 29.706
109.65 35.363 34.928 34.017 32.557 30.956 34.569 33.213 31.221 30.153 29.184 36.075 34.810 34.022 32.754 31.396 34.471 33.355 31.607 30.670 29.730
112.20 35.350 34.886 34.002 32.575 30.992 34.544 33.204 31.265 30.166 29.207 36.062 34.769 34.008 32.773 31.432 34.447 33.346 31.651 30.682 29.753
114.75 35.347 34.863 33.997 32.592 31.024 34.532 33.202 31.302 30.182 29.230 36.059 34.746 34.002 32.789 31.463 34.435 33.344 31.688 30.699 29.775
117.30 35.377 34.904 34.024 32.595 31.024 34.565 33.225 31.292 30.206 29.246 36.089 34.787 34.029 32.793 31.464 34.467 33.367 31.678 30.723 29.792
119.85 35.408 34.949 34.052 32.600 31.025 34.600 33.250 31.284 30.231 29.264 36.120 34.831 34.057 32.798 31.465 34.502 33.392 31.669 30.748 29.809
122.40 35.440 34.994 34.080 32.604 31.026 34.635 33.275 31.275 30.257 29.281 36.153 34.877 34.086 32.802 31.466 34.538 33.417 31.661 30.774 29.826
124.95 35.472 35.041 34.108 32.607 31.026 34.670 33.299 31.264 30.282 29.297 36.184 34.923 34.113 32.805 31.466 34.573 33.441 31.650 30.798 29.843
127.50 35.505 35.090 34.137 32.610 31.025 34.708 33.324 31.254 30.307 29.315 36.218 34.972 34.143 32.808 31.465 34.610 33.466 31.640 30.824 29.861
130.05 35.538 35.140 34.166 32.612 31.023 34.745 33.348 31.242 30.331 29.332 36.250 35.022 34.171 32.810 31.463 34.647 33.490 31.628 30.848 29.878
132.60 35.573 35.193 34.196 32.614 31.021 34.784 33.374 31.231 30.357 29.350 36.285 35.076 34.201 32.812 31.461 34.686 33.515 31.617 30.873 29.896
135.15 35.609 35.248 34.228 32.619 31.022 34.825 33.400 31.224 30.381 29.366 36.321 35.131 34.233 32.817 31.462 34.727 33.542 31.610 30.898 29.912
137.70 35.659 35.312 34.274 32.655 31.054 34.880 33.444 31.256 30.404 29.380 36.371 35.195 34.279 32.853 31.493 34.782 33.586 31.642 30.921 29.926
140.25 35.710 35.377 34.320 32.691 31.084 34.936 33.488 31.287 30.427 29.393 36.422 35.260 34.325 32.888 31.524 34.839 33.630 31.673 30.944 29.938
142.80 35.764 35.447 34.369 32.728 31.117 34.996 33.535 31.321 30.451 29.406 36.476 35.330 34.374 32.926 31.556 34.898 33.676 31.706 30.968 29.952
145.35 35.819 35.520 34.419 32.765 31.149 35.057 33.581 31.353 30.473 29.418 36.531 35.403 34.424 32.963 31.588 34.960 33.723 31.739 30.990 29.964
147.90 35.876 35.598 34.471 32.805 31.182 35.123 33.630 31.388 30.498 29.431 36.589 35.481 34.476 33.003 31.622 35.025 33.772 31.773 31.015 29.977
150.45 35.936 35.680 34.524 32.844 31.215 35.190 33.680 31.422 30.521 29.443 36.648 35.563 34.529 33.042 31.655 35.092 33.822 31.807 31.038 29.989
153.00 35.999 35.769 34.581 32.885 31.250 35.262 33.733 31.457 30.545 29.456 36.711 35.652 34.586 33.083 31.690 35.165 33.875 31.843 31.062 30.002
155.55 36.064 35.863 34.638 32.926 31.285 35.337 33.787 31.493 30.569 29.467 36.776 35.746 34.644 33.124 31.725 35.240 33.928 31.879 31.086 30.013
158.10 36.088 35.888 34.661 32.944 31.295 35.361 33.808 31.504 30.584 29.490 36.800 35.771 34.666 33.142 31.734 35.264 33.950 31.890 31.101 30.036
160.65 36.110 35.909 34.681 32.961 31.301 35.382 33.827 31.512 30.597 29.513 36.822 35.792 34.686 33.158 31.741 35.284 33.969 31.898 31.114 30.059
163.20 36.132 35.931 34.702 32.977 31.309 35.403 33.847 31.521 30.610 29.537 36.844 35.814 34.707 33.175 31.749 35.306 33.989 31.907 31.127 30.082
165.75 36.154 35.952 34.722 32.993 31.315 35.424 33.866 31.529 30.623 29.560 36.866 35.835 34.727 33.191 31.755 35.327 34.008 31.915 31.140 30.105
168.30 36.177 35.974 34.743 33.010 31.322 35.446 33.886 31.538 30.636 29.584 36.889 35.857 34.749 33.208 31.762 35.348 34.028 31.924 31.153 30.130
170.85 36.199 35.995 34.763 33.026 31.327 35.467 33.906 31.545 30.648 29.608 36.911 35.878 34.769 33.223 31.767 35.369 34.047 31.931 31.164 30.153
173.40 36.222 36.018 34.785 33.042 31.333 35.489 33.926 31.553 30.660 29.632 36.934 35.900 34.790 33.240 31.773 35.391 34.068 31.939 31.177 30.178
175.95 36.245 36.039 34.805 33.058 31.338 35.510 33.945 31.560 30.672 29.657 36.957 35.922 34.811 33.255 31.778 35.413 34.087 31.945 31.188 30.202
178.50 36.268 36.062 34.827 33.074 31.343 35.532 33.965 31.567 30.684 29.682 36.980 35.945 34.832 33.272 31.783 35.435 34.107 31.953 31.201 30.228
181.05 36.291 36.084 34.848 33.089 31.347 35.554 33.985 31.573 30.694 29.707 37.003 35.967 34.853 33.287 31.787 35.456 34.127 31.958 31.211 30.253
183.60 36.315 36.107 34.870 33.105 31.351 35.577 34.005 31.579 30.705 29.734 37.027 35.990 34.875 33.303 31.791 35.479 34.147 31.965 31.222 30.280
186.15 36.338 36.129 34.891 33.120 31.354 35.598 34.025 31.584 30.715 29.760 37.051 36.012 34.896 33.318 31.794 35.501 34.167 31.970 31.232 30.306
188.70 36.362 36.152 34.912 33.136 31.358 35.621 34.045 31.589 30.726 29.787 37.074 36.035 34.918 33.334 31.797 35.523 34.187 31.975 31.243 30.333
191.25 36.374 36.164 34.924 33.145 31.363 35.633 34.056 31.593 30.747 29.805 37.086 36.046 34.929 33.343 31.802 35.535 34.198 31.978 31.263 30.351
193.80 36.387 36.176 34.937 33.155 31.368 35.645 34.069 31.596 30.768 29.824 37.099 36.059 34.942 33.352 31.808 35.548 34.211 31.982 31.285 30.370
196.35 36.398 36.188 34.948 33.163 31.373 35.657 34.081 31.599 30.788 29.842 37.110 36.070 34.953 33.361 31.813 35.559 34.222 31.985 31.305 30.388
198.90 36.411 36.200 34.960 33.173 31.378 35.669 34.093 31.603 30.809 29.861 37.123 36.083 34.966 33.371 31.818 35.571 34.235 31.988 31.326 30.407
201.45 36.422 36.211 34.971 33.181 31.382 35.680 34.104 31.604 30.829 29.880 37.134 36.094 34.977 33.379 31.822 35.582 34.246 31.990 31.346 30.425
204.00 36.434 36.223 34.983 33.190 31.387 35.692 34.116 31.608 30.851 29.899 37.146 36.106 34.989 33.388 31.827 35.594 34.258 31.993 31.368 30.444
206.55 36.444 36.234 34.994 33.197 31.390 35.703 34.126 31.609 30.871 29.917 37.156 36.116 34.999 33.395 31.830 35.605 34.268 31.995 31.388 30.463
209.10 36.456 36.245 35.006 33.206 31.394 35.714 34.138 31.611 30.892 29.936 37.168 36.128 35.011 33.404 31.834 35.617 34.280 31.997 31.409 30.482
211.65 36.466 36.255 35.016 33.213 31.397 35.724 34.148 31.612 30.913 29.955 37.178 36.138 35.021 33.411 31.837 35.627 34.290 31.998 31.429 30.501
214.20 36.477 36.267 35.027 33.221 31.400 35.735 34.159 31.614 30.934 29.974 37.189 36.149 35.032 33.419 31.840 35.638 34.301 32.000 31.451 30.520
216.75 36.487 36.276 35.037 33.228 31.402 35.745 34.169 31.614 30.955 29.993 37.199 36.159 35.042 33.426 31.842 35.648 34.311 32.000 31.471 30.538
