#1 observer-frame phase [day]
#2 Johnson U mag (Vega)
#3 Johnson B mag (Vega)
#4 Johnson V mag (Vega)
#5 Johnson R mag (Vega)
#6 Johnson I mag (Vega)
#7 HSC g mag (Vega)
#8 HSC r mag (Vega)
#9 HSC i mag (Vega)
#10 HSC z mag (Vega)
#11 HSC y mag (Vega)
#12 Johnson U mag (AB)
#13 Johnson B mag (AB)
#14 Johnson V mag (AB)
#15 Johnson R mag (AB)
#16 Johnson I mag (AB)
#17 HSC g mag (AB)
#18 HSC r mag (AB)
#19 HSC i mag (AB)
#20 HSC z mag (AB)
#21 HSC y mag (AB)
-53.00 102.290 102.693 102.112 101.543 100.844 102.493 101.705 100.999 100.552 100.321 103.002 102.576 102.117 101.741 101.284 102.396 101.847 101.385 101.069 100.867
-50.35 43.738 43.015 41.702 38.758 35.545 42.709 40.398 36.455 34.149 33.303 44.450 42.897 41.707 38.956 35.985 42.611 40.540 36.840 34.666 33.849
-47.70 38.911 38.287 36.077 33.921 31.748 37.633 35.165 32.018 31.381 31.087 39.623 38.170 36.082 34.119 32.187 37.536 35.307 32.404 31.898 31.633
-45.05 37.763 37.140 34.928 32.773 30.604 36.485 34.016 30.872 30.249 29.966 38.475 37.023 34.933 32.971 31.044 36.387 34.158 31.257 30.766 30.512
-42.40 37.018 36.395 34.182 32.028 29.860 35.739 33.270 30.127 29.509 29.230 37.730 36.277 34.187 32.226 30.300 35.642 33.412 30.512 30.025 29.776
-39.75 36.465 35.842 33.630 31.476 29.308 35.187 32.718 29.575 28.959 28.682 37.178 35.725 33.635 31.673 29.748 35.089 32.860 29.960 29.476 29.228
-37.10 34.195 33.963 32.662 30.958 28.852 33.536 31.922 29.139 28.416 28.301 34.907 33.846 32.667 31.156 29.292 33.438 32.064 29.525 28.933 28.847
-34.45 33.465 33.280 32.117 30.567 28.484 32.874 31.438 28.782 28.011 27.950 34.177 33.163 32.122 30.765 28.923 32.777 31.580 29.168 28.528 28.496
-31.80 33.005 32.836 31.723 30.243 28.171 32.437 31.070 28.475 27.680 27.645 33.718 32.719 31.729 30.441 28.611 32.339 31.212 28.861 28.197 28.190
-29.15 32.607 32.471 31.384 29.971 27.911 32.071 30.776 28.215 27.425 27.349 33.319 32.354 31.390 30.169 28.351 31.974 30.918 28.600 27.941 27.895
-26.50 32.226 32.147 31.072 29.743 27.699 31.740 30.540 27.995 27.244 27.050 32.938 32.030 31.077 29.940 28.139 31.642 30.682 28.381 27.761 27.596
-23.85 31.929 31.880 30.812 29.532 27.499 31.469 30.325 27.791 27.067 26.796 32.641 31.763 30.817 29.730 27.939 31.371 30.467 28.177 27.583 27.342
-21.20 31.704 31.679 30.626 29.400 27.345 31.265 30.197 27.647 26.880 26.603 32.416 31.562 30.631 29.598 27.785 31.168 30.339 28.032 27.396 27.148
-18.55 31.537 31.537 30.509 29.349 27.239 31.120 30.161 27.565 26.693 26.465 32.249 31.420 30.514 29.547 27.679 31.023 30.303 27.951 27.210 27.011
-15.90 31.390 31.404 30.359 29.199 27.095 30.986 29.974 27.435 26.542 26.348 32.102 31.287 30.364 29.397 27.535 30.889 30.115 27.820 27.059 26.894
-13.25 31.266 31.290 30.196 28.989 26.933 30.872 29.695 27.279 26.423 26.258 31.979 31.173 30.202 29.186 27.373 30.774 29.837 27.665 26.940 26.804
-10.60 31.249 31.274 30.157 28.911 26.864 30.857 29.594 27.213 26.381 26.190 31.961 31.157 30.163 29.109 27.304 30.760 29.736 27.599 26.898 26.735
-7.95 31.345 31.364 30.251 28.970 26.890 30.950 29.670 27.239 26.420 26.133 32.057 31.247 30.257 29.168 27.330 30.852 29.812 27.624 26.937 26.679
-5.30 31.474 31.482 30.399 29.079 26.964 31.073 29.803 27.313 26.483 26.096 32.186 31.365 30.405 29.277 27.403 30.976 29.945 27.699 27.000 26.642
-2.65 31.639 31.631 30.618 29.248 27.088 31.229 30.011 27.440 26.564 26.075 32.351 31.514 30.623 29.446 27.527 31.131 30.153 27.826 27.081 26.620
 0.00 31.756 31.725 30.752 29.342 27.172 31.328 30.125 27.524 26.638 26.081 32.468 31.608 30.757 29.540 27.612 31.231 30.267 27.910 27.155 26.627
 2.65 31.809 31.750 30.765 29.334 27.205 31.354 30.107 27.552 26.702 26.108 32.521 31.633 30.770 29.532 27.645 31.256 30.249 27.938 27.218 26.654
 5.30 31.918 31.849 30.849 29.404 27.294 31.454 30.171 27.645 26.793 26.144 32.630 31.732 30.855 29.602 27.734 31.356 30.313 28.031 27.310 26.690
 7.95 32.107 32.066 31.045 29.593 27.464 31.671 30.361 27.834 26.913 26.188 32.819 31.948 31.050 29.791 27.904 31.573 30.503 28.220 27.430 26.734
10.60 32.290 32.277 31.230 29.766 27.619 31.876 30.538 28.005 27.034 26.244 33.002 32.160 31.235 29.964 28.059 31.779 30.680 28.390 27.551 26.790
13.25 32.472 32.491 31.411 29.929 27.763 32.076 30.707 28.160 27.158 26.308 33.185 32.374 31.416 30.126 28.202 31.979 30.849 28.545 27.675 26.854
15.90 32.672 32.689 31.590 30.070 27.896 32.265 30.868 28.291 27.300 26.380 33.384 32.571 31.596 30.267 28.335 32.167 31.010 28.677 27.817 26.926
18.55 32.894 32.874 31.773 30.195 28.022 32.447 31.025 28.404 27.461 26.459 33.607 32.756 31.778 30.392 28.462 32.349 31.167 28.790 27.978 27.005
21.20 33.112 33.057 31.950 30.317 28.138 32.624 31.179 28.509 27.609 26.552 33.824 32.940 31.955 30.514 28.578 32.526 31.321 28.895 28.126 27.097
23.85 33.270 33.209 32.086 30.421 28.219 32.761 31.308 28.586 27.708 26.665 33.982 33.091 32.092 30.619 28.659 32.664 31.450 28.971 28.225 27.210
26.50 33.439 33.358 32.221 30.547 28.345 32.905 31.436 28.708 27.841 26.787 34.151 33.241 32.226 30.744 28.784 32.807 31.578 29.094 28.357 27.333
29.15 33.611 33.497 32.347 30.698 28.529 33.048 31.556 28.891 28.016 26.916 34.323 33.380 32.353 30.896 28.969 32.951 31.697 29.277 28.533 27.462
31.80 33.771 33.645 32.501 30.867 28.716 33.202 31.704 29.079 28.182 27.048 34.483 33.528 32.506 31.065 29.156 33.105 31.846 29.465 28.699 27.594
34.45 33.911 33.801 32.688 31.055 28.901 33.366 31.885 29.272 28.330 27.181 34.623 33.683 32.693 31.253 29.341 33.268 32.027 29.658 28.847 27.727
37.10 34.056 33.968 32.900 31.268 29.110 33.545 32.089 29.492 28.485 27.317 34.769 33.851 32.905 31.466 29.550 33.447 32.231 29.878 29.001 27.863
39.75 34.176 34.113 33.057 31.452 29.299 33.690 32.250 29.693 28.629 27.469 34.888 33.996 33.063 31.650 29.739 33.593 32.392 30.079 29.146 28.015
42.40 34.279 34.247 33.191 31.628 29.487 33.820 32.392 29.896 28.767 27.630 34.991 34.130 33.196 31.826 29.926 33.723 32.533 30.281 29.284 28.176
45.05 34.382 34.378 33.302 31.803 29.676 33.940 32.527 30.097 28.918 27.790 35.094 34.261 33.308 32.000 30.116 33.843 32.669 30.483 29.435 28.335
47.70 34.493 34.502 33.374 31.962 29.853 34.042 32.649 30.271 29.098 27.940 35.205 34.385 33.379 32.160 30.293 33.945 32.791 30.656 29.615 28.486
50.35 34.594 34.619 33.431 32.122 30.036 34.133 32.763 30.449 29.284 28.089 35.306 34.502 33.436 32.320 30.475 34.036 32.905 30.835 29.801 28.635
53.00 34.678 34.716 33.499 32.263 30.198 34.220 32.869 30.606 29.455 28.238 35.390 34.599 33.504 32.461 30.637 34.123 33.011 30.992 29.972 28.783
55.65 34.746 34.791 33.599 32.373 30.320 34.314 32.974 30.722 29.600 28.391 35.458 34.674 33.604 32.571 30.760 34.217 33.116 31.108 30.116 28.937
58.30 34.790 34.844 33.679 32.465 30.426 34.388 33.061 30.822 29.733 28.539 35.502 34.726 33.685 32.663 30.866 34.290 33.203 31.207 30.250 29.085
60.95 34.817 34.878 33.737 32.541 30.521 34.442 33.126 30.909 29.854 28.681 35.529 34.761 33.742 32.739 30.960 34.345 33.267 31.295 30.371 29.226
63.60 34.901 34.958 33.763 32.622 30.636 34.511 33.164 31.037 29.946 28.795 35.613 34.841 33.768 32.819 31.076 34.413 33.306 31.422 30.463 29.341
66.25 34.966 35.018 33.765 32.683 30.738 34.558 33.179 31.153 30.019 28.897 35.678 34.901 33.770 32.880 31.178 34.461 33.321 31.539 30.536 29.442
68.90 35.011 35.058 33.741 32.723 30.827 34.583 33.169 31.260 30.073 28.985 35.723 34.941 33.746 32.921 31.267 34.486 33.311 31.646 30.590 29.530
71.55 35.065 35.103 33.743 32.742 30.875 34.615 33.177 31.315 30.115 29.068 35.777 34.986 33.748 32.940 31.315 34.517 33.319 31.701 30.632 29.614
74.20 35.165 35.190 33.834 32.750 30.861 34.690 33.257 31.280 30.160 29.158 35.877 35.073 33.839 32.948 31.300 34.593 33.399 31.666 30.677 29.704
76.85 35.262 35.273 33.920 32.750 30.840 34.760 33.332 31.240 30.197 29.245 35.974 35.156 33.925 32.948 31.279 34.663 33.473 31.625 30.714 29.790
79.50 35.359 35.352 34.003 32.742 30.812 34.826 33.402 31.195 30.227 29.328 36.071 35.235 34.009 32.940 31.252 34.728 33.544 31.581 30.744 29.874
82.15 35.446 35.421 34.078 32.737 30.792 34.881 33.466 31.159 30.256 29.403 36.158 35.303 34.084 32.935 31.232 34.784 33.608 31.545 30.773 29.949
84.80 35.491 35.452 34.123 32.775 30.832 34.913 33.518 31.185 30.316 29.450 36.203 35.335 34.128 32.973 31.272 34.816 33.659 31.571 30.833 29.995
87.45 35.530 35.477 34.161 32.807 30.865 34.939 33.564 31.204 30.370 29.490 36.242 35.359 34.167 33.005 31.304 34.841 33.706 31.589 30.887 30.036
90.10 35.560 35.492 34.191 32.829 30.888 34.955 33.602 31.212 30.416 29.523 36.272 35.375 34.197 33.027 31.328 34.857 33.744 31.598 30.933 30.069
92.75 35.584 35.500 34.215 32.845 30.905 34.964 33.635 31.214 30.457 29.550 36.296 35.383 34.221 33.042 31.344 34.866 33.777 31.599 30.974 30.096
95.40 35.616 35.488 34.242 32.877 30.949 34.963 33.671 31.249 30.508 29.581 36.328 35.371 34.247 33.075 31.389 34.866 33.813 31.635 31.025 30.126
98.05 35.649 35.471 34.269 32.916 31.004 34.960 33.708 31.297 30.564 29.611 36.361 35.353 34.275 33.113 31.443 34.862 33.850 31.683 31.080 30.156
100.70 35.679 35.450 34.293 32.951 31.056 34.953 33.741 31.342 30.616 29.636 36.391 35.333 34.298 33.148 31.495 34.855 33.883 31.728 31.133 30.182
103.35 35.707 35.430 34.314 32.984 31.108 34.945 33.773 31.386 30.669 29.659 36.420 35.312 34.320 33.182 31.547 34.847 33.915 31.771 31.186 30.205
106.00 35.714 35.390 34.310 32.998 31.147 34.918 33.763 31.425 30.693 29.673 36.426 35.272 34.315 33.196 31.587 34.820 33.905 31.811 31.210 30.218
108.65 35.714 35.344 34.297 33.006 31.184 34.885 33.738 31.465 30.708 29.684 36.426 35.227 34.302 33.204 31.624 34.787 33.879 31.851 31.225 30.229
111.30 35.712 35.299 34.282 33.013 31.223 34.851 33.711 31.507 30.724 29.694 36.424 35.181 34.287 33.210 31.663 34.754 33.853 31.893 31.241 30.240
113.95 35.711 35.255 34.268 33.021 31.266 34.819 33.686 31.553 30.742 29.705 36.423 35.138 34.273 33.218 31.705 34.722 33.828 31.938 31.259 30.251
116.60 35.708 35.212 34.253 33.028 31.309 34.787 33.660 31.600 30.761 29.715 36.421 35.095 34.258 33.225 31.749 34.689 33.802 31.985 31.278 30.261
119.25 35.713 35.187 34.247 33.036 31.346 34.769 33.646 31.638 30.780 29.728 36.425 35.070 34.252 33.234 31.786 34.671 33.787 32.024 31.297 30.274
121.90 35.738 35.230 34.275 33.046 31.337 34.806 33.674 31.627 30.792 29.746 36.450 35.113 34.280 33.243 31.777 34.708 33.816 32.012 31.309 30.292
124.55 35.765 35.276 34.304 33.056 31.329 34.845 33.704 31.616 30.805 29.766 36.478 35.158 34.309 33.254 31.769 34.748 33.846 32.002 31.322 30.312
127.20 35.793 35.323 34.333 33.066 31.322 34.886 33.735 31.606 30.819 29.786 36.505 35.206 34.339 33.264 31.761 34.788 33.877 31.991 31.336 30.331
129.85 35.820 35.371 34.362 33.075 31.312 34.926 33.765 31.593 30.831 29.804 36.532 35.253 34.368 33.273 31.752 34.829 33.907 31.979 31.347 30.350
132.50 35.848 35.421 34.393 33.084 31.303 34.969 33.797 31.582 30.842 29.824 36.560 35.304 34.398 33.282 31.743 34.872 33.939 31.967 31.359 30.370
135.15 35.875 35.473 34.422 33.092 31.292 35.013 33.828 31.568 30.852 29.842 36.587 35.356 34.428 33.290 31.732 34.915 33.970 31.954 31.369 30.388
137.80 35.904 35.529 34.454 33.101 31.282 35.058 33.861 31.556 30.863 29.862 36.616 35.412 34.459 33.299 31.722 34.961 34.003 31.941 31.380 30.407
140.45 35.934 35.586 34.487 33.112 31.275 35.106 33.895 31.547 30.875 29.880 36.646 35.469 34.492 33.309 31.715 35.009 34.037 31.933 31.392 30.426
143.10 35.981 35.651 34.535 33.151 31.307 35.165 33.940 31.580 30.906 29.900 36.693 35.534 34.541 33.348 31.747 35.068 34.082 31.965 31.423 30.446
145.75 36.027 35.718 34.584 33.189 31.339 35.226 33.985 31.612 30.936 29.920 36.739 35.601 34.590 33.387 31.778 35.128 34.127 31.997 31.453 30.465
148.40 36.077 35.789 34.636 33.230 31.372 35.290 34.033 31.645 30.968 29.940 36.789 35.672 34.642 33.428 31.811 35.193 34.175 32.031 31.485 30.486
151.05 36.127 35.863 34.689 33.271 31.404 35.357 34.081 31.679 30.999 29.959 36.839 35.746 34.694 33.468 31.844 35.259 34.223 32.064 31.516 30.505
153.70 36.180 35.943 34.745 33.314 31.439 35.428 34.132 31.714 31.033 29.979 36.892 35.826 34.750 33.511 31.878 35.330 34.274 32.100 31.550 30.525
156.35 36.233 36.027 34.802 33.356 31.472 35.502 34.184 31.748 31.066 29.998 36.945 35.910 34.807 33.554 31.912 35.404 34.326 32.134 31.582 30.544
159.00 36.290 36.118 34.862 33.402 31.508 35.581 34.239 31.785 31.100 30.018 37.002 36.001 34.868 33.599 31.948 35.484 34.381 32.171 31.617 30.564
161.65 36.348 36.215 34.925 33.447 31.544 35.665 34.295 31.821 31.135 30.037 37.060 36.098 34.930 33.645 31.983 35.567 34.436 32.207 31.651 30.583
164.30 36.372 36.240 34.948 33.466 31.554 35.689 34.317 31.834 31.143 30.056 37.084 36.123 34.953 33.664 31.994 35.592 34.459 32.220 31.660 30.602
166.95 36.394 36.261 34.968 33.482 31.562 35.710 34.336 31.845 31.150 30.075 37.106 36.144 34.973 33.680 32.002 35.612 34.478 32.231 31.667 30.620
169.60 36.417 36.283 34.989 33.500 31.571 35.732 34.357 31.857 31.157 30.093 37.129 36.166 34.994 33.697 32.011 35.634 34.498 32.243 31.674 30.639
172.25 36.439 36.304 35.009 33.516 31.579 35.752 34.376 31.868 31.163 30.111 37.151 36.187 35.015 33.713 32.018 35.655 34.518 32.253 31.680 30.657
174.90 36.462 36.327 35.031 33.533 31.587 35.774 34.397 31.879 31.169 30.130 37.174 36.209 35.036 33.731 32.027 35.677 34.539 32.265 31.686 30.676
177.55 36.484 36.348 35.051 33.549 31.594 35.795 34.416 31.889 31.174 30.148 37.196 36.231 35.057 33.746 32.033 35.698 34.558 32.275 31.691 30.694
180.20 36.507 36.371 35.073 33.566 31.601 35.818 34.437 31.900 31.180 30.167 37.219 36.253 35.078 33.763 32.041 35.720 34.579 32.285 31.697 30.713
182.85 36.530 36.392 35.094 33.581 31.608 35.839 34.457 31.909 31.184 30.184 37.242 36.275 35.099 33.779 32.047 35.742 34.599 32.295 31.701 30.730
185.50 36.554 36.415 35.116 33.598 31.615 35.862 34.478 31.919 31.189 30.203 37.266 36.298 35.121 33.796 32.054 35.764 34.620 32.305 31.706 30.749
188.15 36.577 36.437 35.137 33.614 31.620 35.883 34.498 31.928 31.192 30.221 37.289 36.320 35.142 33.812 32.060 35.786 34.640 32.314 31.709 30.766
190.80 36.601 36.460 35.159 33.630 31.626 35.906 34.519 31.937 31.196 30.239 37.313 36.343 35.164 33.828 32.066 35.809 34.661 32.323 31.713 30.785
193.45 36.625 36.483 35.180 33.646 31.630 35.928 34.539 31.946 31.198 30.256 37.337 36.366 35.186 33.844 32.070 35.831 34.681 32.331 31.715 30.802
196.10 36.649 36.506 35.202 33.662 31.636 35.951 34.560 31.954 31.202 30.275 37.361 36.388 35.208 33.859 32.075 35.853 34.702 32.340 31.718 30.821
198.75 36.660 36.517 35.214 33.670 31.639 35.962 34.572 31.958 31.212 30.295 37.373 36.400 35.219 33.868 32.079 35.865 34.714 32.344 31.728 30.841
201.40 36.673 36.530 35.227 33.679 31.643 35.975 34.584 31.964 31.222 30.317 37.385 36.413 35.232 33.876 32.083 35.878 34.726 32.349 31.739 30.863
204.05 36.685 36.542 35.238 33.686 31.646 35.987 34.596 31.967 31.232 30.337 37.397 36.424 35.244 33.884 32.086 35.889 34.738 32.353 31.749 30.883
206.70 36.697 36.554 35.251 33.695 31.649 35.999 34.608 31.972 31.242 30.359 37.409 36.437 35.256 33.893 32.089 35.901 34.750 32.358 31.759 30.905
209.35 36.708 36.565 35.261 33.702 31.651 36.010 34.619 31.975 31.251 30.380 37.420 36.448 35.267 33.900 32.091 35.912 34.761 32.361 31.768 30.925
212.00 36.720 36.577 35.274 33.710 31.655 36.022 34.631 31.979 31.261 30.402 37.432 36.460 35.279 33.908 32.094 35.924 34.773 32.365 31.778 30.947
214.65 36.731 36.588 35.284 33.717 31.656 36.032 34.642 31.982 31.269 30.422 37.443 36.470 35.289 33.914 32.096 35.935 34.783 32.368 31.786 30.968
217.30 36.742 36.599 35.296 33.724 31.659 36.044 34.653 31.986 31.279 30.444 37.454 36.482 35.301 33.922 32.098 35.947 34.795 32.371 31.796 30.990
219.95 36.752 36.609 35.306 33.730 31.660 36.054 34.663 31.988 31.287 30.465 37.464 36.492 35.311 33.928 32.099 35.957 34.805 32.373 31.804 31.011
222.60 36.764 36.620 35.317 33.737 31.661 36.065 34.674 31.990 31.296 30.488 37.476 36.503 35.322 33.935 32.101 35.968 34.816 32.376 31.813 31.033
225.25 36.773 36.630 35.327 33.743 31.662 36.075 34.684 31.992 31.303 30.509 37.485 36.513 35.332 33.941 32.102 35.978 34.826 32.378 31.820 31.055
