-160.00 50.210
-80.00 50.210
-48.00 50.210
-17.60 50.210
-16.00 30.210
-14.38 29.015
-12.77 27.869
-11.15 26.821
 -9.54 25.922
 -7.92 25.220
 -6.30 24.746
 -4.69 24.459
 -3.20 24.290
 -1.60 24.220
  0.00 24.214
  1.60 24.220
  3.20 24.150
  4.80 24.147
  6.40 24.160
  8.00 24.179
  9.60 24.212
 11.20 24.242
 12.80 24.262
 14.40 24.295
 16.00 24.301
 17.60 24.307
 19.20 24.336
 20.80 24.339
 22.40 24.382
 24.00 24.414
 25.60 24.447
 27.20 24.483
 28.80 24.519
 30.40 24.551
 32.00 24.580
 33.60 24.607
 35.20 24.634
 36.80 24.661
 38.40 24.688
 40.00 24.714
 41.60 24.741
 43.20 24.768
 44.80 24.794
 46.40 24.820
 48.00 24.844
 49.60 24.862
 51.20 24.877
 52.80 24.886
 54.40 24.893
 56.00 24.896
 57.60 24.904
 59.20 24.920
 60.80 24.938
 62.40 24.952
 64.00 24.958
 65.60 24.957
 67.20 24.954
 68.80 24.958
 70.40 24.972
 72.00 24.990
 73.60 25.004
 75.20 25.010
 76.80 25.018
 78.40 25.028
 80.00 25.040
 81.60 25.053
 83.20 25.066
 84.80 25.078
 86.40 25.091
 88.00 25.104
 89.60 25.117
 91.20 25.130
 92.80 25.142
 94.40 25.153
 96.00 25.164
 97.60 25.175
 99.20 25.184
100.80 25.194
102.40 25.202
104.00 25.210
105.60 25.218
107.20 25.225
108.80 25.233
110.40 25.242
112.00 25.251
113.60 25.262
115.20 25.273
116.80 25.286
118.40 25.301
120.00 25.316
121.60 25.333
123.20 25.351
124.80 25.368
126.40 25.382
128.00 25.394
129.60 25.403
131.20 25.412
132.80 25.419
134.40 25.425
136.00 25.431
137.60 25.438
139.20 25.445
140.80 25.453
142.40 25.462
144.00 25.474
145.60 25.487
147.20 25.503
148.80 25.520
150.40 25.539
152.00 25.560
153.60 25.582
155.20 25.606
156.80 25.630
158.40 25.655
160.00 25.683
