-180.00 26.000
-90.00 26.000
-54.00 26.000
-19.80 26.000
-18.00  6.000
-16.18  4.805
-14.36  3.659
-12.55  2.611
-10.73  1.712
 -8.91  1.010
 -7.09  0.536
 -5.27  0.249
 -3.60  0.080
 -1.80  0.010
  0.00  0.004
  1.80  0.010
  3.60 -0.060
  5.40 -0.060
  7.20 -0.040
  9.00 -0.010
 10.80  0.026
 12.60  0.060
 14.40  0.090
 16.20  0.130
 18.00  0.142
 19.80  0.160
 21.60  0.210
 23.40  0.230
 25.20  0.290
 27.00  0.340
 28.80  0.390
 30.60  0.437
 32.40  0.480
 34.20  0.523
 36.00  0.567
 37.80  0.610
 39.60  0.651
 41.40  0.691
 43.20  0.730
 45.00  0.767
 46.80  0.803
 48.60  0.837
 50.40  0.870
 52.20  0.901
 54.00  0.930
 55.80  0.954
 57.60  0.975
 59.40  0.993
 61.20  1.010
 63.00  1.027
 64.80  1.044
 66.60  1.062
 68.40  1.080
 70.20  1.098
 72.00  1.111
 73.80  1.114
 75.60  1.114
 77.40  1.121
 79.20  1.140
 81.00  1.163
 82.80  1.181
 84.60  1.191
 86.40  1.202
 88.20  1.216
 90.00  1.232
 91.80  1.248
 93.60  1.265
 95.40  1.283
 97.20  1.301
 99.00  1.318
100.80  1.336
102.60  1.353
104.40  1.369
106.20  1.384
108.00  1.398
109.80  1.411
111.60  1.423
113.40  1.433
115.20  1.443
117.00  1.452
118.80  1.461
120.60  1.471
122.40  1.481
124.20  1.493
126.00  1.507
127.80  1.523
129.60  1.542
131.40  1.563
133.20  1.584
135.00  1.606
136.80  1.627
138.60  1.646
140.40  1.663
142.20  1.678
144.00  1.690
145.80  1.700
147.60  1.708
149.40  1.716
151.20  1.722
153.00  1.729
154.80  1.735
156.60  1.743
158.40  1.751
160.20  1.761
162.00  1.773
163.80  1.786
165.60  1.802
167.40  1.820
169.20  1.840
171.00  1.862
172.80  1.885
174.60  1.909
176.40  1.935
178.20  1.961
180.00  1.988
