-175.00 26.000
-87.50 26.000
-52.50 26.000
-19.25 26.000
-17.50  6.000
-15.73  4.805
-13.96  3.659
-12.20  2.611
-10.43  1.712
 -8.66  1.010
 -6.89  0.536
 -5.13  0.249
 -3.50  0.080
 -1.75  0.010
  0.00  0.003
  1.75  0.010
  3.50 -0.060
  5.25 -0.060
  7.00 -0.040
  8.75 -0.010
 10.50  0.026
 12.25  0.060
 14.00  0.090
 15.75  0.130
 17.50  0.142
 19.25  0.160
 21.00  0.210
 22.75  0.230
 24.50  0.290
 26.25  0.340
 28.00  0.390
 29.75  0.437
 31.50  0.480
 33.25  0.524
 35.00  0.567
 36.75  0.610
 38.50  0.652
 40.25  0.691
 42.00  0.730
 43.75  0.767
 45.50  0.803
 47.25  0.837
 49.00  0.870
 50.75  0.902
 52.50  0.930
 54.25  0.954
 56.00  0.975
 57.75  0.993
 59.50  1.010
 61.25  1.027
 63.00  1.044
 64.75  1.061
 66.50  1.080
 68.25  1.098
 70.00  1.111
 71.75  1.114
 73.50  1.114
 75.25  1.121
 77.00  1.140
 78.75  1.163
 80.50  1.181
 82.25  1.191
 84.00  1.202
 85.75  1.216
 87.50  1.232
 89.25  1.248
 91.00  1.265
 92.75  1.283
 94.50  1.301
 96.25  1.318
 98.00  1.336
 99.75  1.353
101.50  1.369
103.25  1.384
105.00  1.398
106.75  1.411
108.50  1.423
110.25  1.433
112.00  1.442
113.75  1.452
115.50  1.461
117.25  1.471
119.00  1.481
120.75  1.493
122.50  1.507
124.25  1.524
126.00  1.542
127.75  1.563
129.50  1.584
131.25  1.606
133.00  1.627
134.75  1.646
136.50  1.663
138.25  1.678
140.00  1.690
141.75  1.700
143.50  1.708
145.25  1.716
147.00  1.722
148.75  1.729
150.50  1.735
152.25  1.743
154.00  1.751
155.75  1.761
157.50  1.773
159.25  1.786
161.00  1.802
162.75  1.820
164.50  1.840
166.25  1.862
168.00  1.885
169.75  1.909
171.50  1.935
173.25  1.961
175.00  1.988
