-155.00 49.987
-77.50 49.987
-46.50 49.987
-17.05 49.987
-15.50 29.987
-13.93 28.792
-12.37 27.645
-10.80 26.598
 -9.24 25.699
 -7.67 24.997
 -6.11 24.523
 -4.54 24.236
 -3.10 24.067
 -1.55 23.997
  0.00 23.990
  1.55 23.997
  3.10 23.927
  4.65 23.922
  6.20 23.932
  7.75 23.947
  9.30 23.979
 10.85 24.007
 12.40 24.023
 13.95 24.053
 15.50 24.056
 17.05 24.058
 18.60 24.078
 20.15 24.073
 21.70 24.109
 23.25 24.134
 24.80 24.159
 26.35 24.191
 27.90 24.224
 29.45 24.251
 31.00 24.274
 32.55 24.295
 34.10 24.316
 35.65 24.336
 37.20 24.358
 38.75 24.380
 40.30 24.403
 41.85 24.427
 43.40 24.451
 44.95 24.475
 46.50 24.496
 48.05 24.512
 49.60 24.523
 51.15 24.530
 52.70 24.531
 54.25 24.529
 55.80 24.534
 57.35 24.548
 58.90 24.567
 60.45 24.578
 62.00 24.582
 63.55 24.579
 65.10 24.575
 66.65 24.578
 68.20 24.590
 69.75 24.606
 71.30 24.618
 72.85 24.623
 74.40 24.629
 75.95 24.638
 77.50 24.648
 79.05 24.659
 80.60 24.670
 82.15 24.680
 83.70 24.691
 85.25 24.702
 86.80 24.714
 88.35 24.724
 89.90 24.734
 91.45 24.744
 93.00 24.754
 94.55 24.764
 96.10 24.772
 97.65 24.781
 99.20 24.789
100.75 24.796
102.30 24.803
103.85 24.810
105.40 24.817
106.95 24.824
108.50 24.832
110.05 24.840
111.60 24.848
113.15 24.858
114.70 24.870
116.25 24.882
117.80 24.898
119.35 24.915
120.90 24.932
122.45 24.946
124.00 24.957
125.55 24.967
127.10 24.975
128.65 24.982
130.20 24.988
131.75 24.994
133.30 25.000
134.85 25.008
136.40 25.015
137.95 25.025
139.50 25.036
141.05 25.049
142.60 25.065
144.15 25.082
145.70 25.101
147.25 25.121
148.80 25.143
150.35 25.166
151.90 25.190
153.45 25.214
155.00 25.242
