-125.00 48.202
-62.50 48.202
-37.50 48.202
-13.75 48.202
-12.50 28.202
-11.24 27.007
 -9.97 25.861
 -8.71 24.813
 -7.45 23.914
 -6.19 23.212
 -4.92 22.738
 -3.66 22.451
 -2.50 22.282
 -1.25 22.212
  0.00 22.206
  1.25 22.212
  2.50 22.154
  3.75 22.138
  5.00 22.132
  6.25 22.120
  7.50 22.135
  8.75 22.152
 10.00 22.145
 11.25 22.153
 12.50 22.141
 13.75 22.121
 15.00 22.113
 16.25 22.099
 17.50 22.097
 18.75 22.103
 20.00 22.122
 21.25 22.133
 22.50 22.137
 23.75 22.139
 25.00 22.140
 26.25 22.141
 27.50 22.141
 28.75 22.141
 30.00 22.142
 31.25 22.145
 32.50 22.149
 33.75 22.156
 35.00 22.167
 36.25 22.180
 37.50 22.191
 38.75 22.194
 40.00 22.191
 41.25 22.182
 42.50 22.168
 43.75 22.152
 45.00 22.145
 46.25 22.152
 47.50 22.162
 48.75 22.162
 50.00 22.155
 51.25 22.146
 52.50 22.137
 53.75 22.129
 55.00 22.125
 56.25 22.125
 57.50 22.133
 58.75 22.145
 60.00 22.147
 61.25 22.142
 62.50 22.135
 63.75 22.130
 65.00 22.126
 66.25 22.125
 67.50 22.125
 68.75 22.127
 70.00 22.131
 71.25 22.135
 72.50 22.140
 73.75 22.145
 75.00 22.150
 76.25 22.156
 77.50 22.160
 78.75 22.165
 80.00 22.169
 81.25 22.171
 82.50 22.173
 83.75 22.174
 85.00 22.173
 86.25 22.172
 87.50 22.172
 88.75 22.171
 90.00 22.170
 91.25 22.171
 92.50 22.173
 93.75 22.176
 95.00 22.182
 96.25 22.190
 97.50 22.198
 98.75 22.205
100.00 22.212
101.25 22.218
102.50 22.224
103.75 22.230
105.00 22.236
106.25 22.242
107.50 22.249
108.75 22.258
110.00 22.267
111.25 22.277
112.50 22.289
113.75 22.303
115.00 22.318
116.25 22.333
117.50 22.350
118.75 22.367
120.00 22.384
121.25 22.400
122.50 22.417
123.75 22.435
125.00 22.457
