-190.00 26.000
-95.00 26.000
-57.00 26.000
-20.90 26.000
-19.00  6.000
-17.08  4.805
-15.16  3.659
-13.24  2.611
-11.32  1.712
 -9.40  1.010
 -7.48  0.536
 -5.57  0.249
 -3.80  0.080
 -1.90  0.010
  0.00  0.003
  1.90  0.010
  3.80 -0.060
  5.70 -0.060
  7.60 -0.040
  9.50 -0.010
 11.40  0.026
 13.30  0.060
 15.20  0.090
 17.10  0.130
 19.00  0.142
 20.90  0.160
 22.80  0.210
 24.70  0.230
 26.60  0.290
 28.50  0.340
 30.40  0.390
 32.30  0.437
 34.20  0.480
 36.10  0.524
 38.00  0.567
 39.90  0.610
 41.80  0.652
 43.70  0.691
 45.60  0.730
 47.50  0.767
 49.40  0.803
 51.30  0.837
 53.20  0.870
 55.10  0.902
 57.00  0.930
 58.90  0.954
 60.80  0.975
 62.70  0.993
 64.60  1.010
 66.50  1.027
 68.40  1.044
 70.30  1.061
 72.20  1.080
 74.10  1.098
 76.00  1.111
 77.90  1.114
 79.80  1.114
 81.70  1.121
 83.60  1.140
 85.50  1.163
 87.40  1.181
 89.30  1.191
 91.20  1.202
 93.10  1.216
 95.00  1.232
 96.90  1.248
 98.80  1.265
100.70  1.283
102.60  1.301
104.50  1.318
106.40  1.336
108.30  1.353
110.20  1.369
112.10  1.384
114.00  1.398
115.90  1.411
117.80  1.423
119.70  1.433
121.60  1.442
123.50  1.452
125.40  1.461
127.30  1.471
129.20  1.481
131.10  1.493
133.00  1.507
134.90  1.524
136.80  1.542
138.70  1.563
140.60  1.584
142.50  1.606
144.40  1.627
146.30  1.646
148.20  1.663
150.10  1.678
152.00  1.690
153.90  1.700
155.80  1.708
157.70  1.716
159.60  1.722
161.50  1.729
163.40  1.735
165.30  1.743
167.20  1.751
169.10  1.761
171.00  1.773
172.90  1.786
174.80  1.802
176.70  1.820
178.60  1.840
180.50  1.862
182.40  1.885
184.30  1.909
186.20  1.935
188.10  1.961
190.00  1.988
