-145.00 49.585
-72.50 49.585
-43.50 49.585
-15.95 49.585
-14.50 29.585
-13.04 28.390
-11.57 27.243
-10.11 26.196
 -8.64 25.297
 -7.18 24.595
 -5.71 24.121
 -4.25 23.834
 -2.90 23.665
 -1.45 23.595
  0.00 23.589
  1.45 23.595
  2.90 23.525
  4.35 23.517
  5.80 23.520
  7.25 23.526
  8.70 23.554
 10.15 23.579
 11.60 23.585
 13.05 23.608
 14.50 23.607
 15.95 23.597
 17.40 23.598
 18.85 23.577
 20.30 23.596
 21.75 23.605
 23.20 23.614
 24.65 23.637
 26.10 23.663
 27.55 23.679
 29.00 23.689
 30.45 23.695
 31.90 23.702
 33.35 23.710
 34.80 23.721
 36.25 23.734
 37.70 23.749
 39.15 23.765
 40.60 23.783
 42.05 23.802
 43.50 23.818
 44.95 23.829
 46.40 23.834
 47.85 23.833
 49.30 23.824
 50.75 23.810
 52.20 23.806
 53.65 23.819
 55.10 23.837
 56.55 23.844
 58.00 23.842
 59.45 23.835
 60.90 23.828
 62.35 23.828
 63.80 23.836
 65.25 23.847
 66.70 23.855
 68.15 23.857
 69.60 23.860
 71.05 23.866
 72.50 23.873
 73.95 23.880
 75.40 23.886
 76.85 23.892
 78.30 23.899
 79.75 23.905
 81.20 23.913
 82.65 23.919
 84.10 23.925
 85.55 23.932
 87.00 23.939
 88.45 23.946
 89.90 23.953
 91.35 23.960
 92.80 23.967
 94.25 23.974
 95.70 23.979
 97.15 23.985
 98.60 23.989
100.05 23.993
101.50 23.996
102.95 23.998
104.40 24.001
105.85 24.004
107.30 24.008
108.75 24.015
110.20 24.027
111.65 24.043
113.10 24.059
114.55 24.073
116.00 24.084
117.45 24.093
118.90 24.101
120.35 24.108
121.80 24.113
123.25 24.120
124.70 24.126
126.15 24.133
127.60 24.140
129.05 24.149
130.50 24.160
131.95 24.173
133.40 24.189
134.85 24.205
136.30 24.223
137.75 24.243
139.20 24.264
140.65 24.286
142.10 24.308
143.55 24.331
145.00 24.360
