-100.00 26.000
-50.00 26.000
-30.00 26.000
-11.00 26.000
-10.00  6.000
 -8.99  4.805
 -7.98  3.659
 -6.97  2.611
 -5.96  1.712
 -4.95  1.010
 -3.94  0.536
 -2.93  0.249
 -2.00  0.080
 -1.00  0.010
  0.00  0.004
  1.00  0.010
  2.00 -0.040
  3.00 -0.060
  4.00 -0.070
  5.00 -0.090
  6.00 -0.082
  7.00 -0.070
  8.00 -0.080
  9.00 -0.080
 10.00 -0.098
 11.00 -0.120
 12.00 -0.127
 13.00 -0.130
 14.00 -0.140
 15.00 -0.130
 16.00 -0.100
 17.00 -0.093
 18.00 -0.100
 19.00 -0.104
 20.00 -0.102
 21.00 -0.100
 22.00 -0.099
 23.00 -0.100
 24.00 -0.102
 25.00 -0.102
 26.00 -0.101
 27.00 -0.098
 28.00 -0.090
 29.00 -0.079
 30.00 -0.070
 31.00 -0.069
 32.00 -0.075
 33.00 -0.086
 34.00 -0.100
 35.00 -0.113
 36.00 -0.120
 37.00 -0.116
 38.00 -0.110
 39.00 -0.113
 40.00 -0.121
 41.00 -0.130
 42.00 -0.140
 43.00 -0.151
 44.00 -0.163
 45.00 -0.168
 46.00 -0.158
 47.00 -0.139
 48.00 -0.136
 49.00 -0.146
 50.00 -0.161
 51.00 -0.173
 52.00 -0.181
 53.00 -0.186
 54.00 -0.188
 55.00 -0.187
 56.00 -0.184
 57.00 -0.181
 58.00 -0.175
 59.00 -0.170
 60.00 -0.165
 61.00 -0.160
 62.00 -0.155
 63.00 -0.152
 64.00 -0.150
 65.00 -0.150
 66.00 -0.150
 67.00 -0.152
 68.00 -0.154
 69.00 -0.157
 70.00 -0.159
 71.00 -0.160
 72.00 -0.160
 73.00 -0.158
 74.00 -0.156
 75.00 -0.153
 76.00 -0.149
 77.00 -0.146
 78.00 -0.143
 79.00 -0.139
 80.00 -0.136
 81.00 -0.131
 82.00 -0.127
 83.00 -0.121
 84.00 -0.115
 85.00 -0.108
 86.00 -0.100
 87.00 -0.091
 88.00 -0.081
 89.00 -0.070
 90.00 -0.057
 91.00 -0.043
 92.00 -0.028
 93.00 -0.013
 94.00  0.003
 95.00  0.018
 96.00  0.033
 97.00  0.047
 98.00  0.061
 99.00  0.076
100.00  0.093
