-160.00 26.000
-80.00 26.000
-48.00 26.000
-17.60 26.000
-16.00  6.000
-14.38  4.805
-12.77  3.659
-11.15  2.611
 -9.54  1.712
 -7.92  1.010
 -6.30  0.536
 -4.69  0.249
 -3.20  0.080
 -1.60  0.010
  0.00  0.004
  1.60  0.010
  3.20 -0.060
  4.80 -0.063
  6.40 -0.050
  8.00 -0.031
  9.60  0.002
 11.20  0.032
 12.80  0.052
 14.40  0.085
 16.00  0.091
 17.60  0.097
 19.20  0.126
 20.80  0.129
 22.40  0.172
 24.00  0.204
 25.60  0.237
 27.20  0.273
 28.80  0.309
 30.40  0.341
 32.00  0.370
 33.60  0.397
 35.20  0.424
 36.80  0.451
 38.40  0.478
 40.00  0.504
 41.60  0.531
 43.20  0.558
 44.80  0.584
 46.40  0.610
 48.00  0.634
 49.60  0.652
 51.20  0.667
 52.80  0.676
 54.40  0.683
 56.00  0.686
 57.60  0.694
 59.20  0.710
 60.80  0.728
 62.40  0.742
 64.00  0.748
 65.60  0.747
 67.20  0.744
 68.80  0.748
 70.40  0.762
 72.00  0.780
 73.60  0.794
 75.20  0.800
 76.80  0.808
 78.40  0.818
 80.00  0.830
 81.60  0.843
 83.20  0.856
 84.80  0.868
 86.40  0.881
 88.00  0.894
 89.60  0.907
 91.20  0.920
 92.80  0.932
 94.40  0.943
 96.00  0.954
 97.60  0.965
 99.20  0.974
100.80  0.984
102.40  0.992
104.00  1.000
105.60  1.008
107.20  1.015
108.80  1.023
110.40  1.032
112.00  1.041
113.60  1.052
115.20  1.063
116.80  1.076
118.40  1.091
120.00  1.106
121.60  1.123
123.20  1.141
124.80  1.158
126.40  1.172
128.00  1.184
129.60  1.193
131.20  1.202
132.80  1.209
134.40  1.215
136.00  1.221
137.60  1.228
139.20  1.235
140.80  1.243
142.40  1.252
144.00  1.264
145.60  1.277
147.20  1.293
148.80  1.310
150.40  1.329
152.00  1.350
153.60  1.372
155.20  1.396
156.80  1.420
158.40  1.445
160.00  1.473
