-120.00 47.646
-60.00 47.646
-36.00 47.646
-13.20 47.646
-12.00 27.646
-10.79 26.451
 -9.58 25.305
 -8.36 24.257
 -7.15 23.358
 -5.94 22.656
 -4.73 22.182
 -3.52 21.895
 -2.40 21.726
 -1.20 21.656
  0.00 21.650
  1.20 21.656
  2.40 21.603
  3.60 21.584
  4.80 21.576
  6.00 21.559
  7.20 21.570
  8.40 21.584
  9.60 21.575
 10.80 21.578
 12.00 21.563
 13.20 21.541
 14.40 21.534
 15.60 21.527
 16.80 21.520
 18.00 21.528
 19.20 21.554
 20.40 21.563
 21.60 21.560
 22.80 21.558
 24.00 21.560
 25.20 21.561
 26.40 21.562
 27.60 21.561
 28.80 21.561
 30.00 21.561
 31.20 21.564
 32.40 21.569
 33.60 21.578
 34.80 21.589
 36.00 21.599
 37.20 21.601
 38.40 21.596
 39.60 21.586
 40.80 21.572
 42.00 21.558
 43.20 21.551
 44.40 21.556
 45.60 21.564
 46.80 21.562
 48.00 21.554
 49.20 21.545
 50.40 21.536
 51.60 21.526
 52.80 21.517
 54.00 21.514
 55.20 21.523
 56.40 21.539
 57.60 21.542
 58.80 21.534
 60.00 21.522
 61.20 21.512
 62.40 21.506
 63.60 21.503
 64.80 21.502
 66.00 21.503
 67.20 21.506
 68.40 21.510
 69.60 21.515
 70.80 21.520
 72.00 21.526
 73.20 21.531
 74.40 21.535
 75.60 21.539
 76.80 21.542
 78.00 21.543
 79.20 21.544
 80.40 21.543
 81.60 21.541
 82.80 21.539
 84.00 21.537
 85.20 21.536
 86.40 21.537
 87.60 21.538
 88.80 21.540
 90.00 21.543
 91.20 21.547
 92.40 21.553
 93.60 21.558
 94.80 21.563
 96.00 21.568
 97.20 21.573
 98.40 21.578
 99.60 21.583
100.80 21.589
102.00 21.596
103.20 21.604
104.40 21.612
105.60 21.622
106.80 21.633
108.00 21.645
109.20 21.659
110.40 21.674
111.60 21.690
112.80 21.706
114.00 21.722
115.20 21.737
116.40 21.752
117.60 21.767
118.80 21.784
120.00 21.803
