-190.00 51.431
-95.00 51.431
-57.00 51.431
-20.90 51.431
-19.00 31.431
-17.08 30.236
-15.16 29.090
-13.24 28.042
-11.32 27.143
 -9.40 26.441
 -7.48 25.967
 -5.57 25.680
 -3.80 25.511
 -1.90 25.441
  0.00 25.434
  1.90 25.441
  3.80 25.371
  5.70 25.371
  7.60 25.391
  9.50 25.421
 11.40 25.457
 13.30 25.491
 15.20 25.521
 17.10 25.561
 19.00 25.573
 20.90 25.591
 22.80 25.641
 24.70 25.661
 26.60 25.721
 28.50 25.771
 30.40 25.821
 32.30 25.868
 34.20 25.911
 36.10 25.955
 38.00 25.998
 39.90 26.041
 41.80 26.083
 43.70 26.122
 45.60 26.161
 47.50 26.198
 49.40 26.234
 51.30 26.268
 53.20 26.301
 55.10 26.333
 57.00 26.361
 58.90 26.385
 60.80 26.406
 62.70 26.424
 64.60 26.441
 66.50 26.458
 68.40 26.475
 70.30 26.492
 72.20 26.511
 74.10 26.529
 76.00 26.542
 77.90 26.545
 79.80 26.545
 81.70 26.552
 83.60 26.571
 85.50 26.594
 87.40 26.612
 89.30 26.622
 91.20 26.633
 93.10 26.647
 95.00 26.663
 96.90 26.679
 98.80 26.696
100.70 26.714
102.60 26.732
104.50 26.749
106.40 26.767
108.30 26.784
110.20 26.800
112.10 26.815
114.00 26.829
115.90 26.842
117.80 26.854
119.70 26.864
121.60 26.873
123.50 26.883
125.40 26.892
127.30 26.902
129.20 26.912
131.10 26.924
133.00 26.938
134.90 26.955
136.80 26.973
138.70 26.994
140.60 27.015
142.50 27.037
144.40 27.058
146.30 27.077
148.20 27.094
150.10 27.109
152.00 27.121
153.90 27.131
155.80 27.139
157.70 27.147
159.60 27.153
161.50 27.160
163.40 27.166
165.30 27.174
167.20 27.182
169.10 27.192
171.00 27.204
172.90 27.217
174.80 27.233
176.70 27.251
178.60 27.271
180.50 27.293
182.40 27.316
184.30 27.340
186.20 27.366
188.10 27.392
190.00 27.419
