-120.00 26.000
-60.00 26.000
-36.00 26.000
-13.20 26.000
-12.00  6.000
-10.79  4.805
 -9.58  3.659
 -8.36  2.611
 -7.15  1.712
 -5.94  1.010
 -4.73  0.536
 -3.52  0.249
 -2.40  0.080
 -1.20  0.010
  0.00  0.004
  1.20  0.010
  2.40 -0.043
  3.60 -0.062
  4.80 -0.070
  6.00 -0.087
  7.20 -0.076
  8.40 -0.062
  9.60 -0.071
 10.80 -0.068
 12.00 -0.083
 13.20 -0.105
 14.40 -0.112
 15.60 -0.119
 16.80 -0.126
 18.00 -0.118
 19.20 -0.092
 20.40 -0.083
 21.60 -0.086
 22.80 -0.088
 24.00 -0.086
 25.20 -0.085
 26.40 -0.084
 27.60 -0.085
 28.80 -0.085
 30.00 -0.085
 31.20 -0.082
 32.40 -0.077
 33.60 -0.068
 34.80 -0.057
 36.00 -0.047
 37.20 -0.045
 38.40 -0.050
 39.60 -0.060
 40.80 -0.074
 42.00 -0.088
 43.20 -0.095
 44.40 -0.090
 45.60 -0.082
 46.80 -0.084
 48.00 -0.092
 49.20 -0.101
 50.40 -0.110
 51.60 -0.120
 52.80 -0.129
 54.00 -0.132
 55.20 -0.123
 56.40 -0.107
 57.60 -0.104
 58.80 -0.112
 60.00 -0.124
 61.20 -0.134
 62.40 -0.140
 63.60 -0.143
 64.80 -0.144
 66.00 -0.143
 67.20 -0.140
 68.40 -0.136
 69.60 -0.131
 70.80 -0.126
 72.00 -0.120
 73.20 -0.115
 74.40 -0.111
 75.60 -0.107
 76.80 -0.104
 78.00 -0.103
 79.20 -0.102
 80.40 -0.103
 81.60 -0.105
 82.80 -0.107
 84.00 -0.109
 85.20 -0.110
 86.40 -0.109
 87.60 -0.108
 88.80 -0.106
 90.00 -0.103
 91.20 -0.099
 92.40 -0.093
 93.60 -0.088
 94.80 -0.083
 96.00 -0.078
 97.20 -0.073
 98.40 -0.068
 99.60 -0.063
100.80 -0.057
102.00 -0.050
103.20 -0.042
104.40 -0.034
105.60 -0.024
106.80 -0.013
108.00 -0.001
109.20  0.013
110.40  0.028
111.60  0.044
112.80  0.060
114.00  0.076
115.20  0.091
116.40  0.106
117.60  0.121
118.80  0.138
120.00  0.157
