-145.00 26.000
-72.50 26.000
-43.50 26.000
-15.95 26.000
-14.50  6.000
-13.04  4.805
-11.57  3.658
-10.11  2.611
 -8.64  1.712
 -7.18  1.010
 -5.71  0.536
 -4.25  0.249
 -2.90  0.080
 -1.45  0.010
  0.00  0.004
  1.45  0.010
  2.90 -0.060
  4.35 -0.068
  5.80 -0.065
  7.25 -0.059
  8.70 -0.031
 10.15 -0.006
 11.60 -0.000
 13.05  0.023
 14.50  0.022
 15.95  0.012
 17.40  0.013
 18.85 -0.008
 20.30  0.011
 21.75  0.020
 23.20  0.029
 24.65  0.052
 26.10  0.078
 27.55  0.094
 29.00  0.104
 30.45  0.110
 31.90  0.117
 33.35  0.125
 34.80  0.136
 36.25  0.149
 37.70  0.164
 39.15  0.180
 40.60  0.198
 42.05  0.217
 43.50  0.233
 44.95  0.244
 46.40  0.249
 47.85  0.248
 49.30  0.239
 50.75  0.225
 52.20  0.221
 53.65  0.234
 55.10  0.252
 56.55  0.259
 58.00  0.257
 59.45  0.250
 60.90  0.243
 62.35  0.243
 63.80  0.251
 65.25  0.262
 66.70  0.270
 68.15  0.272
 69.60  0.275
 71.05  0.281
 72.50  0.288
 73.95  0.295
 75.40  0.301
 76.85  0.307
 78.30  0.314
 79.75  0.320
 81.20  0.328
 82.65  0.334
 84.10  0.340
 85.55  0.347
 87.00  0.354
 88.45  0.361
 89.90  0.368
 91.35  0.375
 92.80  0.382
 94.25  0.389
 95.70  0.394
 97.15  0.400
 98.60  0.404
100.05  0.408
101.50  0.411
102.95  0.413
104.40  0.416
105.85  0.419
107.30  0.423
108.75  0.430
110.20  0.442
111.65  0.458
113.10  0.474
114.55  0.488
116.00  0.499
117.45  0.508
118.90  0.516
120.35  0.523
121.80  0.528
123.25  0.535
124.70  0.541
126.15  0.548
127.60  0.555
129.05  0.564
130.50  0.575
131.95  0.588
133.40  0.604
134.85  0.620
136.30  0.638
137.75  0.658
139.20  0.679
140.65  0.701
142.10  0.723
143.55  0.746
145.00  0.775
