-135.00 26.000
-67.50 26.000
-40.50 26.000
-14.85 26.000
-13.50  6.000
-12.14  4.805
-10.77  3.658
 -9.41  2.611
 -8.05  1.712
 -6.68  1.010
 -5.32  0.536
 -3.95  0.249
 -2.70  0.080
 -1.35  0.010
  0.00  0.004
  1.35  0.010
  2.70 -0.056
  4.05 -0.068
  5.40 -0.070
  6.75 -0.074
  8.10 -0.051
  9.45 -0.029
 10.80 -0.031
 12.15 -0.015
 13.50 -0.022
 14.85 -0.039
 16.20 -0.048
 17.55 -0.073
 18.90 -0.067
 20.25 -0.065
 21.60 -0.059
 22.95 -0.044
 24.30 -0.027
 25.65 -0.019
 27.00 -0.018
 28.35 -0.019
 29.70 -0.019
 31.05 -0.018
 32.40 -0.014
 33.75 -0.009
 35.10 -0.000
 36.45  0.010
 37.80  0.024
 39.15  0.039
 40.50  0.052
 41.85  0.059
 43.20  0.059
 44.55  0.052
 45.90  0.038
 47.25  0.019
 48.60  0.010
 49.95  0.021
 51.30  0.036
 52.65  0.039
 54.00  0.033
 55.35  0.024
 56.70  0.016
 58.05  0.012
 59.40  0.015
 60.75  0.021
 62.10  0.027
 63.45  0.031
 64.80  0.032
 66.15  0.033
 67.50  0.035
 68.85  0.037
 70.20  0.038
 71.55  0.041
 72.90  0.044
 74.25  0.047
 75.60  0.052
 76.95  0.056
 78.30  0.060
 79.65  0.065
 81.00  0.070
 82.35  0.076
 83.70  0.081
 85.05  0.088
 86.40  0.093
 87.75  0.098
 89.10  0.102
 90.45  0.105
 91.80  0.107
 93.15  0.108
 94.50  0.108
 95.85  0.107
 97.20  0.107
 98.55  0.106
 99.90  0.107
101.25  0.111
102.60  0.120
103.95  0.133
105.30  0.146
106.65  0.157
108.00  0.167
109.35  0.175
110.70  0.183
112.05  0.189
113.40  0.194
114.75  0.201
116.10  0.207
117.45  0.214
118.80  0.222
120.15  0.231
121.50  0.243
122.85  0.256
124.20  0.271
125.55  0.287
126.90  0.304
128.25  0.323
129.60  0.342
130.95  0.362
132.30  0.383
133.65  0.403
135.00  0.430
