-125.00 26.000
-62.50 26.000
-37.50 26.000
-13.75 26.000
-12.50  6.000
-11.24  4.805
 -9.97  3.659
 -8.71  2.611
 -7.45  1.712
 -6.19  1.010
 -4.92  0.536
 -3.66  0.249
 -2.50  0.080
 -1.25  0.010
  0.00  0.003
  1.25  0.010
  2.50 -0.048
  3.75 -0.064
  5.00 -0.070
  6.25 -0.082
  7.50 -0.067
  8.75 -0.050
 10.00 -0.057
 11.25 -0.049
 12.50 -0.061
 13.75 -0.081
 15.00 -0.089
 16.25 -0.103
 17.50 -0.105
 18.75 -0.099
 20.00 -0.080
 21.25 -0.069
 22.50 -0.065
 23.75 -0.063
 25.00 -0.062
 26.25 -0.061
 27.50 -0.061
 28.75 -0.061
 30.00 -0.060
 31.25 -0.057
 32.50 -0.053
 33.75 -0.046
 35.00 -0.035
 36.25 -0.022
 37.50 -0.011
 38.75 -0.008
 40.00 -0.011
 41.25 -0.020
 42.50 -0.034
 43.75 -0.050
 45.00 -0.057
 46.25 -0.050
 47.50 -0.040
 48.75 -0.040
 50.00 -0.047
 51.25 -0.056
 52.50 -0.065
 53.75 -0.073
 55.00 -0.077
 56.25 -0.077
 57.50 -0.069
 58.75 -0.057
 60.00 -0.055
 61.25 -0.060
 62.50 -0.067
 63.75 -0.072
 65.00 -0.076
 66.25 -0.077
 67.50 -0.077
 68.75 -0.075
 70.00 -0.071
 71.25 -0.067
 72.50 -0.062
 73.75 -0.057
 75.00 -0.052
 76.25 -0.046
 77.50 -0.042
 78.75 -0.037
 80.00 -0.033
 81.25 -0.031
 82.50 -0.029
 83.75 -0.028
 85.00 -0.029
 86.25 -0.030
 87.50 -0.030
 88.75 -0.031
 90.00 -0.032
 91.25 -0.031
 92.50 -0.029
 93.75 -0.026
 95.00 -0.020
 96.25 -0.012
 97.50 -0.004
 98.75  0.003
100.00  0.010
101.25  0.016
102.50  0.022
103.75  0.028
105.00  0.034
106.25  0.040
107.50  0.047
108.75  0.056
110.00  0.065
111.25  0.075
112.50  0.087
113.75  0.101
115.00  0.116
116.25  0.131
117.50  0.148
118.75  0.165
120.00  0.182
121.25  0.198
122.50  0.215
123.75  0.233
125.00  0.255
