-195.00 26.000
-97.50 26.000
-58.50 26.000
-21.45 26.000
-19.50  6.000
-17.53  4.805
-15.56  3.659
-13.59  2.611
-11.62  1.712
 -9.65  1.010
 -7.68  0.536
 -5.71  0.249
 -3.90  0.080
 -1.95  0.010
  0.00  0.003
  1.95  0.010
  3.90 -0.060
  5.85 -0.060
  7.80 -0.040
  9.75 -0.010
 11.70  0.026
 13.65  0.060
 15.60  0.090
 17.55  0.130
 19.50  0.141
 21.45  0.160
 23.40  0.210
 25.35  0.230
 27.30  0.290
 29.25  0.340
 31.20  0.390
 33.15  0.437
 35.10  0.480
 37.05  0.524
 39.00  0.567
 40.95  0.610
 42.90  0.652
 44.85  0.691
 46.80  0.730
 48.75  0.767
 50.70  0.803
 52.65  0.837
 54.60  0.870
 56.55  0.902
 58.50  0.930
 60.45  0.954
 62.40  0.975
 64.35  0.993
 66.30  1.010
 68.25  1.027
 70.20  1.044
 72.15  1.061
 74.10  1.080
 76.05  1.098
 78.00  1.111
 79.95  1.114
 81.90  1.114
 83.85  1.121
 85.80  1.140
 87.75  1.163
 89.70  1.181
 91.65  1.191
 93.60  1.202
 95.55  1.216
 97.50  1.232
 99.45  1.248
101.40  1.265
103.35  1.283
105.30  1.301
107.25  1.318
109.20  1.336
111.15  1.353
113.10  1.369
115.05  1.384
117.00  1.398
118.95  1.411
120.90  1.423
122.85  1.433
124.80  1.442
126.75  1.452
128.70  1.461
130.65  1.471
132.60  1.481
134.55  1.493
136.50  1.507
138.45  1.524
140.40  1.542
142.35  1.563
144.30  1.584
146.25  1.606
148.20  1.627
150.15  1.646
152.10  1.663
154.05  1.678
156.00  1.690
157.95  1.700
159.90  1.708
161.85  1.716
163.80  1.722
165.75  1.729
167.70  1.735
169.65  1.743
171.60  1.751
173.55  1.761
175.50  1.772
177.45  1.786
179.40  1.802
181.35  1.820
183.30  1.840
185.25  1.862
187.20  1.885
189.15  1.909
191.10  1.935
193.05  1.961
195.00  1.988
