-195.00 51.629
-97.50 51.629
-58.50 51.629
-21.45 51.629
-19.50 31.629
-17.53 30.434
-15.56 29.288
-13.59 28.240
-11.62 27.341
 -9.65 26.639
 -7.68 26.165
 -5.71 25.878
 -3.90 25.709
 -1.95 25.639
  0.00 25.633
  1.95 25.639
  3.90 25.569
  5.85 25.569
  7.80 25.589
  9.75 25.619
 11.70 25.655
 13.65 25.689
 15.60 25.719
 17.55 25.759
 19.50 25.770
 21.45 25.789
 23.40 25.839
 25.35 25.859
 27.30 25.919
 29.25 25.969
 31.20 26.019
 33.15 26.066
 35.10 26.109
 37.05 26.153
 39.00 26.196
 40.95 26.239
 42.90 26.281
 44.85 26.320
 46.80 26.359
 48.75 26.396
 50.70 26.432
 52.65 26.466
 54.60 26.499
 56.55 26.531
 58.50 26.559
 60.45 26.583
 62.40 26.604
 64.35 26.622
 66.30 26.639
 68.25 26.656
 70.20 26.673
 72.15 26.691
 74.10 26.709
 76.05 26.727
 78.00 26.740
 79.95 26.743
 81.90 26.743
 83.85 26.750
 85.80 26.769
 87.75 26.792
 89.70 26.810
 91.65 26.820
 93.60 26.831
 95.55 26.845
 97.50 26.861
 99.45 26.877
101.40 26.894
103.35 26.912
105.30 26.930
107.25 26.947
109.20 26.965
111.15 26.982
113.10 26.998
115.05 27.013
117.00 27.027
118.95 27.040
120.90 27.052
122.85 27.062
124.80 27.072
126.75 27.081
128.70 27.090
130.65 27.100
132.60 27.110
134.55 27.122
136.50 27.136
138.45 27.153
140.40 27.171
142.35 27.192
144.30 27.213
146.25 27.235
148.20 27.256
150.15 27.275
152.10 27.292
154.05 27.307
156.00 27.319
157.95 27.329
159.90 27.337
161.85 27.345
163.80 27.351
165.75 27.358
167.70 27.364
169.65 27.372
171.60 27.380
173.55 27.390
175.50 27.401
177.45 27.415
179.40 27.431
181.35 27.449
183.30 27.469
185.25 27.491
187.20 27.514
189.15 27.538
191.10 27.564
193.05 27.590
195.00 27.617
