-100.00  8.174
-50.00  8.174
-30.00  8.174
-11.00  8.174
-10.00 -11.826
 -8.99 -13.021
 -7.98 -14.168
 -6.97 -15.215
 -5.96 -16.114
 -4.95 -16.816
 -3.94 -17.290
 -2.93 -17.577
 -2.00 -17.746
 -1.00 -17.816
  0.00 -17.822
  1.00 -17.816
  2.00 -17.866
  3.00 -17.886
  4.00 -17.896
  5.00 -17.916
  6.00 -17.908
  7.00 -17.896
  8.00 -17.906
  9.00 -17.906
 10.00 -17.924
 11.00 -17.946
 12.00 -17.953
 13.00 -17.956
 14.00 -17.966
 15.00 -17.956
 16.00 -17.926
 17.00 -17.919
 18.00 -17.926
 19.00 -17.930
 20.00 -17.928
 21.00 -17.926
 22.00 -17.925
 23.00 -17.926
 24.00 -17.928
 25.00 -17.928
 26.00 -17.927
 27.00 -17.924
 28.00 -17.916
 29.00 -17.905
 30.00 -17.896
 31.00 -17.895
 32.00 -17.901
 33.00 -17.912
 34.00 -17.926
 35.00 -17.939
 36.00 -17.946
 37.00 -17.942
 38.00 -17.936
 39.00 -17.939
 40.00 -17.947
 41.00 -17.956
 42.00 -17.966
 43.00 -17.977
 44.00 -17.989
 45.00 -17.994
 46.00 -17.984
 47.00 -17.965
 48.00 -17.962
 49.00 -17.972
 50.00 -17.987
 51.00 -17.999
 52.00 -18.007
 53.00 -18.012
 54.00 -18.014
 55.00 -18.013
 56.00 -18.011
 57.00 -18.007
 58.00 -18.002
 59.00 -17.996
 60.00 -17.991
 61.00 -17.986
 62.00 -17.981
 63.00 -17.978
 64.00 -17.976
 65.00 -17.976
 66.00 -17.976
 67.00 -17.978
 68.00 -17.980
 69.00 -17.983
 70.00 -17.985
 71.00 -17.986
 72.00 -17.986
 73.00 -17.984
 74.00 -17.982
 75.00 -17.979
 76.00 -17.975
 77.00 -17.972
 78.00 -17.969
 79.00 -17.965
 80.00 -17.962
 81.00 -17.957
 82.00 -17.953
 83.00 -17.947
 84.00 -17.941
 85.00 -17.934
 86.00 -17.926
 87.00 -17.918
 88.00 -17.907
 89.00 -17.896
 90.00 -17.883
 91.00 -17.869
 92.00 -17.854
 93.00 -17.839
 94.00 -17.823
 95.00 -17.808
 96.00 -17.793
 97.00 -17.779
 98.00 -17.765
 99.00 -17.750
100.00 -17.733
