-175.00 50.815
-87.50 50.815
-52.50 50.815
-19.25 50.815
-17.50 30.815
-15.73 29.620
-13.96 28.474
-12.20 27.426
-10.43 26.527
 -8.66 25.825
 -6.89 25.351
 -5.13 25.064
 -3.50 24.895
 -1.75 24.825
  0.00 24.819
  1.75 24.825
  3.50 24.755
  5.25 24.755
  7.00 24.775
  8.75 24.805
 10.50 24.841
 12.25 24.875
 14.00 24.905
 15.75 24.945
 17.50 24.957
 19.25 24.975
 21.00 25.025
 22.75 25.045
 24.50 25.105
 26.25 25.155
 28.00 25.205
 29.75 25.252
 31.50 25.295
 33.25 25.339
 35.00 25.382
 36.75 25.425
 38.50 25.467
 40.25 25.506
 42.00 25.545
 43.75 25.582
 45.50 25.618
 47.25 25.652
 49.00 25.685
 50.75 25.717
 52.50 25.745
 54.25 25.769
 56.00 25.790
 57.75 25.808
 59.50 25.825
 61.25 25.842
 63.00 25.859
 64.75 25.877
 66.50 25.895
 68.25 25.913
 70.00 25.926
 71.75 25.929
 73.50 25.929
 75.25 25.936
 77.00 25.955
 78.75 25.978
 80.50 25.996
 82.25 26.006
 84.00 26.017
 85.75 26.031
 87.50 26.047
 89.25 26.063
 91.00 26.080
 92.75 26.098
 94.50 26.116
 96.25 26.133
 98.00 26.151
 99.75 26.168
101.50 26.184
103.25 26.199
105.00 26.213
106.75 26.226
108.50 26.238
110.25 26.248
112.00 26.258
113.75 26.267
115.50 26.276
117.25 26.286
119.00 26.296
120.75 26.308
122.50 26.322
124.25 26.339
126.00 26.357
127.75 26.378
129.50 26.399
131.25 26.421
133.00 26.442
134.75 26.461
136.50 26.478
138.25 26.493
140.00 26.505
141.75 26.515
143.50 26.523
145.25 26.531
147.00 26.537
148.75 26.544
150.50 26.550
152.25 26.558
154.00 26.566
155.75 26.576
157.50 26.588
159.25 26.601
161.00 26.617
162.75 26.635
164.50 26.655
166.25 26.677
168.00 26.700
169.75 26.724
171.50 26.750
173.25 26.776
175.00 26.803
