-180.00 50.988
-90.00 50.988
-54.00 50.988
-19.80 50.988
-18.00 30.988
-16.18 29.793
-14.36 28.647
-12.55 27.599
-10.73 26.700
 -8.91 25.998
 -7.09 25.524
 -5.27 25.237
 -3.60 25.068
 -1.80 24.998
  0.00 24.992
  1.80 24.998
  3.60 24.928
  5.40 24.928
  7.20 24.948
  9.00 24.978
 10.80 25.014
 12.60 25.048
 14.40 25.078
 16.20 25.118
 18.00 25.130
 19.80 25.148
 21.60 25.198
 23.40 25.218
 25.20 25.278
 27.00 25.328
 28.80 25.378
 30.60 25.425
 32.40 25.468
 34.20 25.511
 36.00 25.555
 37.80 25.598
 39.60 25.639
 41.40 25.679
 43.20 25.718
 45.00 25.755
 46.80 25.791
 48.60 25.825
 50.40 25.858
 52.20 25.889
 54.00 25.918
 55.80 25.942
 57.60 25.963
 59.40 25.981
 61.20 25.998
 63.00 26.015
 64.80 26.032
 66.60 26.050
 68.40 26.068
 70.20 26.086
 72.00 26.099
 73.80 26.102
 75.60 26.102
 77.40 26.109
 79.20 26.128
 81.00 26.151
 82.80 26.169
 84.60 26.179
 86.40 26.190
 88.20 26.204
 90.00 26.220
 91.80 26.236
 93.60 26.253
 95.40 26.271
 97.20 26.289
 99.00 26.306
100.80 26.324
102.60 26.341
104.40 26.357
106.20 26.372
108.00 26.386
109.80 26.399
111.60 26.411
113.40 26.421
115.20 26.431
117.00 26.440
118.80 26.449
120.60 26.459
122.40 26.469
124.20 26.481
126.00 26.495
127.80 26.511
129.60 26.530
131.40 26.551
133.20 26.572
135.00 26.594
136.80 26.615
138.60 26.634
140.40 26.651
142.20 26.666
144.00 26.678
145.80 26.688
147.60 26.696
149.40 26.704
151.20 26.710
153.00 26.717
154.80 26.723
156.60 26.731
158.40 26.739
160.20 26.749
162.00 26.761
163.80 26.774
165.60 26.790
167.40 26.808
169.20 26.828
171.00 26.850
172.80 26.873
174.60 26.897
176.40 26.923
178.20 26.949
180.00 26.976
