-170.00 26.000
-85.00 26.000
-51.00 26.000
-18.70 26.000
-17.00  6.000
-15.28  4.805
-13.57  3.659
-11.85  2.611
-10.13  1.712
 -8.41  1.010
 -6.70  0.536
 -4.98  0.249
 -3.40  0.080
 -1.70  0.010
  0.00  0.003
  1.70  0.010
  3.40 -0.060
  5.10 -0.061
  6.80 -0.042
  8.50 -0.015
 10.20  0.021
 11.90  0.054
 13.60  0.081
 15.30  0.120
 17.00  0.130
 18.70  0.146
 20.40  0.191
 22.10  0.207
 23.80  0.263
 25.50  0.309
 27.20  0.355
 28.90  0.399
 30.60  0.441
 32.30  0.481
 34.00  0.522
 35.70  0.561
 37.40  0.599
 39.10  0.636
 40.80  0.672
 42.50  0.706
 44.20  0.740
 45.90  0.772
 47.60  0.804
 49.30  0.834
 51.00  0.862
 52.70  0.885
 54.40  0.904
 56.10  0.920
 57.80  0.934
 59.50  0.948
 61.20  0.963
 62.90  0.980
 64.60  0.999
 66.30  1.016
 68.00  1.027
 69.70  1.029
 71.40  1.029
 73.10  1.035
 74.80  1.053
 76.50  1.075
 78.20  1.092
 79.90  1.101
 81.60  1.111
 83.30  1.124
 85.00  1.139
 86.70  1.155
 88.40  1.171
 90.10  1.187
 91.80  1.204
 93.50  1.220
 95.20  1.237
 96.90  1.253
 98.60  1.268
100.30  1.283
102.00  1.296
103.70  1.308
105.40  1.319
107.10  1.329
108.80  1.339
110.50  1.347
112.20  1.356
113.90  1.366
115.60  1.376
117.30  1.387
119.00  1.400
120.70  1.415
122.40  1.432
124.10  1.451
125.80  1.470
127.50  1.490
129.20  1.511
130.90  1.530
132.60  1.547
134.30  1.561
136.00  1.573
137.70  1.583
139.40  1.591
141.10  1.599
142.80  1.605
144.50  1.612
146.20  1.618
147.90  1.626
149.60  1.634
151.30  1.643
153.00  1.655
154.70  1.669
156.40  1.685
158.10  1.703
159.80  1.722
161.50  1.744
163.20  1.767
164.90  1.791
166.60  1.816
168.30  1.842
170.00  1.869
