-150.00 49.798
-75.00 49.798
-45.00 49.798
-16.50 49.798
-15.00 29.798
-13.48 28.603
-11.97 27.456
-10.45 26.409
 -8.94 25.510
 -7.42 24.808
 -5.91 24.334
 -4.39 24.047
 -3.00 23.878
 -1.50 23.808
  0.00 23.801
  1.50 23.808
  3.00 23.738
  4.50 23.731
  6.00 23.738
  7.50 23.749
  9.00 23.779
 10.50 23.806
 12.00 23.816
 13.50 23.843
 15.00 23.844
 16.50 23.841
 18.00 23.851
 19.50 23.839
 21.00 23.866
 22.50 23.884
 24.00 23.901
 25.50 23.929
 27.00 23.958
 28.50 23.980
 30.00 23.997
 31.50 24.010
 33.00 24.024
 34.50 24.039
 36.00 24.056
 37.50 24.073
 39.00 24.092
 40.50 24.112
 42.00 24.133
 43.50 24.155
 45.00 24.174
 46.50 24.187
 48.00 24.196
 49.50 24.198
 51.00 24.195
 52.50 24.187
 54.00 24.187
 55.50 24.201
 57.00 24.219
 58.50 24.228
 60.00 24.229
 61.50 24.225
 63.00 24.219
 64.50 24.221
 66.00 24.231
 67.50 24.244
 69.00 24.255
 70.50 24.258
 72.00 24.262
 73.50 24.270
 75.00 24.279
 76.50 24.288
 78.00 24.296
 79.50 24.305
 81.00 24.314
 82.50 24.322
 84.00 24.332
 85.50 24.340
 87.00 24.349
 88.50 24.357
 90.00 24.365
 91.50 24.374
 93.00 24.382
 94.50 24.390
 96.00 24.397
 97.50 24.404
 99.00 24.411
100.50 24.416
102.00 24.422
103.50 24.428
105.00 24.433
106.50 24.438
108.00 24.444
109.50 24.450
111.00 24.459
112.50 24.469
114.00 24.482
115.50 24.499
117.00 24.515
118.50 24.529
120.00 24.540
121.50 24.550
123.00 24.558
124.50 24.565
126.00 24.571
127.50 24.577
129.00 24.583
130.50 24.590
132.00 24.597
133.50 24.607
135.00 24.618
136.50 24.631
138.00 24.647
139.50 24.663
141.00 24.682
142.50 24.702
144.00 24.724
145.50 24.746
147.00 24.769
148.50 24.793
150.00 24.821
