-135.00 49.088
-67.50 49.088
-40.50 49.088
-14.85 49.088
-13.50 29.088
-12.14 27.893
-10.77 26.746
 -9.41 25.699
 -8.05 24.800
 -6.68 24.098
 -5.32 23.624
 -3.95 23.337
 -2.70 23.168
 -1.35 23.098
  0.00 23.092
  1.35 23.098
  2.70 23.032
  4.05 23.020
  5.40 23.018
  6.75 23.014
  8.10 23.037
  9.45 23.059
 10.80 23.057
 12.15 23.073
 13.50 23.066
 14.85 23.049
 16.20 23.040
 17.55 23.015
 18.90 23.021
 20.25 23.023
 21.60 23.029
 22.95 23.044
 24.30 23.061
 25.65 23.069
 27.00 23.070
 28.35 23.069
 29.70 23.069
 31.05 23.070
 32.40 23.074
 33.75 23.079
 35.10 23.088
 36.45 23.098
 37.80 23.112
 39.15 23.127
 40.50 23.140
 41.85 23.147
 43.20 23.147
 44.55 23.140
 45.90 23.126
 47.25 23.107
 48.60 23.098
 49.95 23.109
 51.30 23.124
 52.65 23.127
 54.00 23.121
 55.35 23.112
 56.70 23.104
 58.05 23.100
 59.40 23.103
 60.75 23.109
 62.10 23.115
 63.45 23.119
 64.80 23.120
 66.15 23.121
 67.50 23.123
 68.85 23.125
 70.20 23.126
 71.55 23.129
 72.90 23.132
 74.25 23.135
 75.60 23.140
 76.95 23.144
 78.30 23.148
 79.65 23.153
 81.00 23.158
 82.35 23.164
 83.70 23.169
 85.05 23.176
 86.40 23.181
 87.75 23.186
 89.10 23.190
 90.45 23.193
 91.80 23.195
 93.15 23.196
 94.50 23.196
 95.85 23.195
 97.20 23.195
 98.55 23.194
 99.90 23.195
101.25 23.199
102.60 23.208
103.95 23.221
105.30 23.234
106.65 23.245
108.00 23.255
109.35 23.263
110.70 23.271
112.05 23.277
113.40 23.282
114.75 23.289
116.10 23.295
117.45 23.302
118.80 23.310
120.15 23.319
121.50 23.331
122.85 23.344
124.20 23.359
125.55 23.375
126.90 23.392
128.25 23.411
129.60 23.430
130.95 23.450
132.30 23.471
133.65 23.491
135.00 23.518
