-155.00 26.000
-77.50 26.000
-46.50 26.000
-17.05 26.000
-15.50  6.000
-13.93  4.805
-12.37  3.659
-10.80  2.611
 -9.24  1.712
 -7.67  1.010
 -6.11  0.536
 -4.54  0.249
 -3.10  0.080
 -1.55  0.010
  0.00  0.003
  1.55  0.010
  3.10 -0.060
  4.65 -0.065
  6.20 -0.055
  7.75 -0.040
  9.30 -0.008
 10.85  0.020
 12.40  0.036
 13.95  0.066
 15.50  0.069
 17.05  0.071
 18.60  0.091
 20.15  0.086
 21.70  0.122
 23.25  0.147
 24.80  0.172
 26.35  0.204
 27.90  0.237
 29.45  0.264
 31.00  0.287
 32.55  0.308
 34.10  0.329
 35.65  0.349
 37.20  0.371
 38.75  0.393
 40.30  0.416
 41.85  0.440
 43.40  0.464
 44.95  0.488
 46.50  0.509
 48.05  0.525
 49.60  0.536
 51.15  0.543
 52.70  0.544
 54.25  0.542
 55.80  0.547
 57.35  0.561
 58.90  0.580
 60.45  0.591
 62.00  0.595
 63.55  0.592
 65.10  0.588
 66.65  0.591
 68.20  0.603
 69.75  0.619
 71.30  0.631
 72.85  0.636
 74.40  0.642
 75.95  0.651
 77.50  0.661
 79.05  0.672
 80.60  0.683
 82.15  0.693
 83.70  0.704
 85.25  0.715
 86.80  0.727
 88.35  0.737
 89.90  0.747
 91.45  0.757
 93.00  0.767
 94.55  0.777
 96.10  0.785
 97.65  0.794
 99.20  0.802
100.75  0.809
102.30  0.816
103.85  0.823
105.40  0.830
106.95  0.837
108.50  0.845
110.05  0.853
111.60  0.861
113.15  0.871
114.70  0.883
116.25  0.895
117.80  0.911
119.35  0.928
120.90  0.945
122.45  0.959
124.00  0.970
125.55  0.980
127.10  0.988
128.65  0.995
130.20  1.001
131.75  1.007
133.30  1.013
134.85  1.021
136.40  1.028
137.95  1.038
139.50  1.049
141.05  1.062
142.60  1.078
144.15  1.095
145.70  1.114
147.25  1.134
148.80  1.156
150.35  1.179
151.90  1.203
153.45  1.227
155.00  1.255
