-170.00 50.638
-85.00 50.638
-51.00 50.638
-18.70 50.638
-17.00 30.638
-15.28 29.443
-13.57 28.297
-11.85 27.249
-10.13 26.350
 -8.41 25.648
 -6.70 25.174
 -4.98 24.887
 -3.40 24.718
 -1.70 24.648
  0.00 24.642
  1.70 24.648
  3.40 24.578
  5.10 24.577
  6.80 24.596
  8.50 24.623
 10.20 24.659
 11.90 24.692
 13.60 24.719
 15.30 24.758
 17.00 24.768
 18.70 24.784
 20.40 24.829
 22.10 24.845
 23.80 24.901
 25.50 24.947
 27.20 24.993
 28.90 25.037
 30.60 25.079
 32.30 25.119
 34.00 25.160
 35.70 25.199
 37.40 25.237
 39.10 25.274
 40.80 25.310
 42.50 25.344
 44.20 25.378
 45.90 25.410
 47.60 25.442
 49.30 25.472
 51.00 25.500
 52.70 25.523
 54.40 25.542
 56.10 25.558
 57.80 25.572
 59.50 25.586
 61.20 25.601
 62.90 25.618
 64.60 25.637
 66.30 25.654
 68.00 25.665
 69.70 25.667
 71.40 25.667
 73.10 25.673
 74.80 25.691
 76.50 25.713
 78.20 25.730
 79.90 25.739
 81.60 25.749
 83.30 25.762
 85.00 25.777
 86.70 25.793
 88.40 25.809
 90.10 25.825
 91.80 25.842
 93.50 25.858
 95.20 25.875
 96.90 25.891
 98.60 25.906
100.30 25.921
102.00 25.934
103.70 25.946
105.40 25.957
107.10 25.967
108.80 25.977
110.50 25.985
112.20 25.994
113.90 26.004
115.60 26.014
117.30 26.025
119.00 26.038
120.70 26.053
122.40 26.070
124.10 26.089
125.80 26.108
127.50 26.128
129.20 26.149
130.90 26.168
132.60 26.185
134.30 26.199
136.00 26.211
137.70 26.221
139.40 26.229
141.10 26.237
142.80 26.243
144.50 26.250
146.20 26.256
147.90 26.264
149.60 26.272
151.30 26.281
153.00 26.293
154.70 26.307
156.40 26.323
158.10 26.341
159.80 26.360
161.50 26.382
163.20 26.405
164.90 26.429
166.60 26.454
168.30 26.480
170.00 26.507
