-110.00 26.000
-55.00 26.000
-33.00 26.000
-12.10 26.000
-11.00  6.000
 -9.89  4.805
 -8.78  3.659
 -7.67  2.611
 -6.56  1.712
 -5.44  1.010
 -4.33  0.536
 -3.22  0.249
 -2.20  0.080
 -1.10  0.010
  0.00  0.003
  1.10  0.010
  2.20 -0.040
  3.30 -0.060
  4.40 -0.070
  5.50 -0.090
  6.60 -0.082
  7.70 -0.070
  8.80 -0.080
  9.90 -0.080
 11.00 -0.098
 12.10 -0.120
 13.20 -0.127
 14.30 -0.130
 15.40 -0.140
 16.50 -0.130
 17.60 -0.100
 18.70 -0.092
 19.80 -0.100
 20.90 -0.104
 22.00 -0.102
 23.10 -0.100
 24.20 -0.099
 25.30 -0.100
 26.40 -0.102
 27.50 -0.102
 28.60 -0.101
 29.70 -0.098
 30.80 -0.090
 31.90 -0.079
 33.00 -0.070
 34.10 -0.069
 35.20 -0.075
 36.30 -0.086
 37.40 -0.100
 38.50 -0.113
 39.60 -0.120
 40.70 -0.116
 41.80 -0.110
 42.90 -0.113
 44.00 -0.121
 45.10 -0.130
 46.20 -0.140
 47.30 -0.151
 48.40 -0.163
 49.50 -0.168
 50.60 -0.158
 51.70 -0.139
 52.80 -0.136
 53.90 -0.146
 55.00 -0.161
 56.10 -0.173
 57.20 -0.181
 58.30 -0.186
 59.40 -0.188
 60.50 -0.187
 61.60 -0.184
 62.70 -0.180
 63.80 -0.175
 64.90 -0.170
 66.00 -0.165
 67.10 -0.159
 68.20 -0.155
 69.30 -0.152
 70.40 -0.150
 71.50 -0.150
 72.60 -0.150
 73.70 -0.152
 74.80 -0.154
 75.90 -0.157
 77.00 -0.159
 78.10 -0.160
 79.20 -0.160
 80.30 -0.158
 81.40 -0.156
 82.50 -0.153
 83.60 -0.149
 84.70 -0.146
 85.80 -0.143
 86.90 -0.139
 88.00 -0.136
 89.10 -0.131
 90.20 -0.127
 91.30 -0.121
 92.40 -0.115
 93.50 -0.108
 94.60 -0.100
 95.70 -0.091
 96.80 -0.081
 97.90 -0.070
 99.00 -0.057
100.10 -0.043
101.20 -0.028
102.30 -0.013
103.40  0.003
104.50  0.018
105.60  0.033
106.70  0.047
107.80  0.061
108.90  0.076
110.00  0.094
