-115.00 26.000
-57.50 26.000
-34.50 26.000
-12.65 26.000
-11.50  6.000
-10.34  4.805
 -9.18  3.659
 -8.02  2.611
 -6.85  1.712
 -5.69  1.010
 -4.53  0.536
 -3.37  0.249
 -2.30  0.080
 -1.15  0.010
  0.00  0.003
  1.15  0.010
  2.30 -0.040
  3.45 -0.060
  4.60 -0.070
  5.75 -0.090
  6.90 -0.082
  8.05 -0.070
  9.20 -0.080
 10.35 -0.080
 11.50 -0.098
 12.65 -0.120
 13.80 -0.127
 14.95 -0.130
 16.10 -0.140
 17.25 -0.130
 18.40 -0.100
 19.55 -0.092
 20.70 -0.100
 21.85 -0.104
 23.00 -0.102
 24.15 -0.100
 25.30 -0.099
 26.45 -0.100
 27.60 -0.102
 28.75 -0.102
 29.90 -0.101
 31.05 -0.098
 32.20 -0.090
 33.35 -0.079
 34.50 -0.070
 35.65 -0.069
 36.80 -0.075
 37.95 -0.086
 39.10 -0.100
 40.25 -0.113
 41.40 -0.120
 42.55 -0.116
 43.70 -0.110
 44.85 -0.113
 46.00 -0.121
 47.15 -0.130
 48.30 -0.140
 49.45 -0.151
 50.60 -0.163
 51.75 -0.168
 52.90 -0.158
 54.05 -0.139
 55.20 -0.136
 56.35 -0.146
 57.50 -0.161
 58.65 -0.173
 59.80 -0.181
 60.95 -0.186
 62.10 -0.188
 63.25 -0.187
 64.40 -0.184
 65.55 -0.180
 66.70 -0.175
 67.85 -0.170
 69.00 -0.165
 70.15 -0.159
 71.30 -0.155
 72.45 -0.152
 73.60 -0.150
 74.75 -0.150
 75.90 -0.150
 77.05 -0.152
 78.20 -0.154
 79.35 -0.157
 80.50 -0.159
 81.65 -0.160
 82.80 -0.160
 83.95 -0.158
 85.10 -0.156
 86.25 -0.153
 87.40 -0.149
 88.55 -0.146
 89.70 -0.143
 90.85 -0.139
 92.00 -0.136
 93.15 -0.131
 94.30 -0.127
 95.45 -0.121
 96.60 -0.115
 97.75 -0.108
 98.90 -0.100
100.05 -0.091
101.20 -0.081
102.35 -0.070
103.50 -0.057
104.65 -0.043
105.80 -0.028
106.95 -0.013
108.10  0.003
109.25  0.018
110.40  0.033
111.55  0.047
112.70  0.061
113.85  0.076
115.00  0.094
