-150.00 26.000
-75.00 26.000
-45.00 26.000
-16.50 26.000
-15.00  6.000
-13.48  4.805
-11.97  3.659
-10.45  2.611
 -8.94  1.712
 -7.42  1.010
 -5.91  0.536
 -4.39  0.249
 -3.00  0.080
 -1.50  0.010
  0.00  0.003
  1.50  0.010
  3.00 -0.060
  4.50 -0.067
  6.00 -0.060
  7.50 -0.049
  9.00 -0.019
 10.50  0.008
 12.00  0.018
 13.50  0.045
 15.00  0.046
 16.50  0.043
 18.00  0.053
 19.50  0.041
 21.00  0.068
 22.50  0.086
 24.00  0.103
 25.50  0.131
 27.00  0.160
 28.50  0.182
 30.00  0.199
 31.50  0.212
 33.00  0.226
 34.50  0.241
 36.00  0.258
 37.50  0.275
 39.00  0.294
 40.50  0.314
 42.00  0.335
 43.50  0.357
 45.00  0.376
 46.50  0.389
 48.00  0.398
 49.50  0.400
 51.00  0.397
 52.50  0.389
 54.00  0.389
 55.50  0.403
 57.00  0.421
 58.50  0.430
 60.00  0.431
 61.50  0.427
 63.00  0.421
 64.50  0.423
 66.00  0.433
 67.50  0.446
 69.00  0.457
 70.50  0.460
 72.00  0.464
 73.50  0.472
 75.00  0.481
 76.50  0.490
 78.00  0.498
 79.50  0.507
 81.00  0.516
 82.50  0.524
 84.00  0.534
 85.50  0.542
 87.00  0.551
 88.50  0.559
 90.00  0.567
 91.50  0.576
 93.00  0.584
 94.50  0.592
 96.00  0.599
 97.50  0.606
 99.00  0.613
100.50  0.618
102.00  0.624
103.50  0.630
105.00  0.635
106.50  0.640
108.00  0.646
109.50  0.652
111.00  0.661
112.50  0.671
114.00  0.684
115.50  0.701
117.00  0.717
118.50  0.731
120.00  0.742
121.50  0.752
123.00  0.760
124.50  0.767
126.00  0.773
127.50  0.779
129.00  0.785
130.50  0.792
132.00  0.799
133.50  0.809
135.00  0.820
136.50  0.833
138.00  0.849
139.50  0.865
141.00  0.884
142.50  0.904
144.00  0.926
145.50  0.948
147.00  0.971
148.50  0.995
150.00  1.023
