-185.00 51.213
-92.50 51.213
-55.50 51.213
-20.35 51.213
-18.50 31.213
-16.63 30.018
-14.76 28.871
-12.89 27.824
-11.03 26.925
 -9.16 26.223
 -7.29 25.749
 -5.42 25.462
 -3.70 25.293
 -1.85 25.223
  0.00 25.217
  1.85 25.223
  3.70 25.153
  5.55 25.153
  7.40 25.173
  9.25 25.203
 11.10 25.239
 12.95 25.273
 14.80 25.303
 16.65 25.343
 18.50 25.355
 20.35 25.373
 22.20 25.423
 24.05 25.443
 25.90 25.503
 27.75 25.553
 29.60 25.603
 31.45 25.650
 33.30 25.693
 35.15 25.736
 37.00 25.780
 38.85 25.823
 40.70 25.864
 42.55 25.904
 44.40 25.943
 46.25 25.980
 48.10 26.016
 49.95 26.050
 51.80 26.083
 53.65 26.114
 55.50 26.143
 57.35 26.167
 59.20 26.188
 61.05 26.206
 62.90 26.223
 64.75 26.240
 66.60 26.257
 68.45 26.275
 70.30 26.293
 72.15 26.311
 74.00 26.324
 75.85 26.327
 77.70 26.327
 79.55 26.334
 81.40 26.353
 83.25 26.376
 85.10 26.394
 86.95 26.404
 88.80 26.415
 90.65 26.429
 92.50 26.445
 94.35 26.461
 96.20 26.478
 98.05 26.496
 99.90 26.514
101.75 26.531
103.60 26.549
105.45 26.566
107.30 26.582
109.15 26.597
111.00 26.611
112.85 26.624
114.70 26.636
116.55 26.646
118.40 26.656
120.25 26.665
122.10 26.674
123.95 26.684
125.80 26.694
127.65 26.706
129.50 26.720
131.35 26.736
133.20 26.755
135.05 26.776
136.90 26.797
138.75 26.819
140.60 26.840
142.45 26.859
144.30 26.876
146.15 26.891
148.00 26.903
149.85 26.913
151.70 26.921
153.55 26.929
155.40 26.935
157.25 26.942
159.10 26.948
160.95 26.956
162.80 26.964
164.65 26.974
166.50 26.986
168.35 26.999
170.20 27.015
172.05 27.033
173.90 27.053
175.75 27.075
177.60 27.098
179.45 27.122
181.30 27.148
183.15 27.174
185.00 27.201
