-165.00 26.000
-82.50 26.000
-49.50 26.000
-18.15 26.000
-16.50  6.000
-14.83  4.805
-13.17  3.659
-11.50  2.611
 -9.83  1.712
 -8.17  1.010
 -6.50  0.536
 -4.83  0.249
 -3.30  0.080
 -1.65  0.010
  0.00  0.003
  1.65  0.010
  3.30 -0.060
  4.95 -0.062
  6.60 -0.046
  8.25 -0.023
  9.90  0.012
 11.55  0.043
 13.20  0.067
 14.85  0.103
 16.50  0.111
 18.15  0.122
 19.80  0.160
 21.45  0.169
 23.10  0.218
 24.75  0.258
 26.40  0.297
 28.05  0.338
 29.70  0.377
 31.35  0.413
 33.00  0.448
 34.65  0.482
 36.30  0.514
 37.95  0.546
 39.60  0.578
 41.25  0.608
 42.90  0.639
 44.55  0.668
 46.20  0.698
 47.85  0.726
 49.50  0.751
 51.15  0.772
 52.80  0.789
 54.45  0.802
 56.10  0.812
 57.75  0.821
 59.40  0.833
 61.05  0.849
 62.70  0.868
 64.35  0.883
 66.00  0.892
 67.65  0.892
 69.30  0.891
 70.95  0.896
 72.60  0.912
 74.25  0.932
 75.90  0.948
 77.55  0.955
 79.20  0.964
 80.85  0.976
 82.50  0.989
 84.15  1.004
 85.80  1.018
 87.45  1.033
 89.10  1.047
 90.75  1.062
 92.40  1.077
 94.05  1.091
 95.70  1.105
 97.35  1.118
 99.00  1.130
100.65  1.142
102.30  1.152
103.95  1.162
105.60  1.170
107.25  1.179
108.90  1.187
110.55  1.196
112.20  1.205
113.85  1.215
115.50  1.226
117.15  1.239
118.80  1.253
120.45  1.269
122.10  1.286
123.75  1.304
125.40  1.323
127.05  1.341
128.70  1.358
130.35  1.372
132.00  1.384
133.65  1.394
135.30  1.402
136.95  1.410
138.60  1.416
140.25  1.422
141.90  1.429
143.55  1.436
145.20  1.444
146.85  1.454
148.50  1.465
150.15  1.479
151.80  1.495
153.45  1.512
155.10  1.532
156.75  1.553
158.40  1.575
160.05  1.599
161.70  1.624
163.35  1.650
165.00  1.677
