-130.00 26.000
-65.00 26.000
-39.00 26.000
-14.30 26.000
-13.00  6.000
-11.69  4.805
-10.37  3.658
 -9.06  2.611
 -7.75  1.712
 -6.43  1.010
 -5.12  0.536
 -3.81  0.249
 -2.60  0.080
 -1.30  0.010
  0.00  0.003
  1.30  0.010
  2.60 -0.052
  3.90 -0.066
  5.20 -0.070
  6.50 -0.078
  7.80 -0.059
  9.10 -0.040
 10.40 -0.043
 11.70 -0.031
 13.00 -0.041
 14.30 -0.059
 15.60 -0.068
 16.90 -0.087
 18.20 -0.085
 19.50 -0.081
 20.80 -0.070
 22.10 -0.056
 23.40 -0.045
 24.70 -0.040
 26.00 -0.039
 27.30 -0.039
 28.60 -0.039
 29.90 -0.039
 31.20 -0.036
 32.50 -0.032
 33.80 -0.026
 35.10 -0.017
 36.40 -0.005
 37.70  0.009
 39.00  0.021
 40.30  0.027
 41.60  0.026
 42.90  0.018
 44.20  0.004
 45.50 -0.014
 46.80 -0.022
 48.10 -0.013
 49.40 -0.000
 50.70  0.001
 52.00 -0.005
 53.30 -0.014
 54.60 -0.023
 55.90 -0.029
 57.20 -0.029
 58.50 -0.026
 59.80 -0.019
 61.10 -0.011
 62.40 -0.010
 63.70 -0.011
 65.00 -0.014
 66.30 -0.016
 67.60 -0.017
 68.90 -0.016
 70.20 -0.014
 71.50 -0.011
 72.80 -0.007
 74.10 -0.003
 75.40  0.001
 76.70  0.006
 78.00  0.011
 79.30  0.017
 80.60  0.022
 81.90  0.028
 83.20  0.032
 84.50  0.036
 85.80  0.039
 87.10  0.041
 88.40  0.042
 89.70  0.042
 91.00  0.042
 92.30  0.041
 93.60  0.040
 94.90  0.040
 96.20  0.042
 97.50  0.045
 98.80  0.053
100.10  0.063
101.40  0.074
102.70  0.083
104.00  0.092
105.30  0.099
106.60  0.105
107.90  0.112
109.20  0.117
110.50  0.124
111.80  0.130
113.10  0.138
114.40  0.146
115.70  0.156
117.00  0.168
118.30  0.181
119.60  0.196
120.90  0.212
122.20  0.229
123.50  0.247
124.80  0.265
126.10  0.283
127.40  0.302
128.70  0.322
130.00  0.346
