-140.00 49.351
-70.00 49.351
-42.00 49.351
-15.40 49.351
-14.00 29.351
-12.59 28.156
-11.17 27.010
 -9.76 25.962
 -8.34 25.063
 -6.93 24.361
 -5.52 23.887
 -4.10 23.600
 -2.80 23.431
 -1.40 23.361
  0.00 23.355
  1.40 23.361
  2.80 23.291
  4.20 23.281
  5.60 23.281
  7.00 23.281
  8.40 23.307
  9.80 23.331
 11.20 23.331
 12.60 23.351
 14.00 23.347
 15.40 23.331
 16.80 23.321
 18.20 23.291
 19.60 23.301
 21.00 23.301
 22.40 23.301
 23.80 23.319
 25.20 23.341
 26.60 23.351
 28.00 23.353
 29.40 23.351
 30.80 23.351
 32.20 23.352
 33.60 23.357
 35.00 23.365
 36.40 23.375
 37.80 23.387
 39.20 23.402
 40.60 23.418
 42.00 23.432
 43.40 23.440
 44.80 23.442
 46.20 23.436
 47.60 23.422
 49.00 23.401
 50.40 23.392
 51.80 23.404
 53.20 23.422
 54.60 23.426
 56.00 23.421
 57.40 23.412
 58.80 23.404
 60.20 23.402
 61.60 23.408
 63.00 23.416
 64.40 23.422
 65.80 23.422
 67.20 23.423
 68.60 23.427
 70.00 23.432
 71.40 23.437
 72.80 23.441
 74.20 23.445
 75.60 23.449
 77.00 23.453
 78.40 23.458
 79.80 23.462
 81.20 23.466
 82.60 23.471
 84.00 23.476
 85.40 23.482
 86.80 23.488
 88.20 23.495
 89.60 23.501
 91.00 23.507
 92.40 23.512
 93.80 23.516
 95.20 23.519
 96.60 23.521
 98.00 23.522
 99.40 23.521
100.80 23.520
102.20 23.519
103.60 23.520
105.00 23.524
106.40 23.534
107.80 23.549
109.20 23.565
110.60 23.578
112.00 23.589
113.40 23.598
114.80 23.606
116.20 23.613
117.60 23.618
119.00 23.624
120.40 23.630
121.80 23.637
123.20 23.644
124.60 23.653
126.00 23.664
127.40 23.677
128.80 23.692
130.20 23.708
131.60 23.726
133.00 23.745
134.40 23.766
135.80 23.787
137.20 23.809
138.60 23.831
140.00 23.860
