-165.00 50.440
-82.50 50.440
-49.50 50.440
-18.15 50.440
-16.50 30.440
-14.83 29.245
-13.17 28.099
-11.50 27.051
 -9.83 26.152
 -8.17 25.450
 -6.50 24.976
 -4.83 24.689
 -3.30 24.520
 -1.65 24.450
  0.00 24.444
  1.65 24.450
  3.30 24.380
  4.95 24.378
  6.60 24.394
  8.25 24.417
  9.90 24.452
 11.55 24.483
 13.20 24.507
 14.85 24.543
 16.50 24.551
 18.15 24.562
 19.80 24.600
 21.45 24.609
 23.10 24.658
 24.75 24.698
 26.40 24.737
 28.05 24.778
 29.70 24.817
 31.35 24.853
 33.00 24.888
 34.65 24.922
 36.30 24.954
 37.95 24.986
 39.60 25.018
 41.25 25.048
 42.90 25.079
 44.55 25.108
 46.20 25.138
 47.85 25.166
 49.50 25.191
 51.15 25.212
 52.80 25.229
 54.45 25.242
 56.10 25.252
 57.75 25.261
 59.40 25.273
 61.05 25.289
 62.70 25.308
 64.35 25.323
 66.00 25.332
 67.65 25.332
 69.30 25.331
 70.95 25.336
 72.60 25.352
 74.25 25.372
 75.90 25.388
 77.55 25.395
 79.20 25.404
 80.85 25.416
 82.50 25.429
 84.15 25.444
 85.80 25.458
 87.45 25.473
 89.10 25.487
 90.75 25.502
 92.40 25.517
 94.05 25.531
 95.70 25.545
 97.35 25.558
 99.00 25.570
100.65 25.582
102.30 25.592
103.95 25.602
105.60 25.610
107.25 25.619
108.90 25.627
110.55 25.636
112.20 25.645
113.85 25.655
115.50 25.666
117.15 25.679
118.80 25.693
120.45 25.709
122.10 25.726
123.75 25.744
125.40 25.763
127.05 25.781
128.70 25.798
130.35 25.812
132.00 25.824
133.65 25.834
135.30 25.842
136.95 25.850
138.60 25.856
140.25 25.862
141.90 25.869
143.55 25.876
145.20 25.884
146.85 25.894
148.50 25.905
150.15 25.919
151.80 25.935
153.45 25.952
155.10 25.972
156.75 25.993
158.40 26.015
160.05 26.039
161.70 26.064
163.35 26.090
165.00 26.117
