-105.00 44.741
-52.50 44.741
-31.50 44.741
-11.55 44.741
-10.50 24.741
 -9.44 23.546
 -8.38 22.400
 -7.32 21.352
 -6.26 20.453
 -5.20 19.751
 -4.14 19.277
 -3.08 18.990
 -2.10 18.821
 -1.05 18.751
  0.00 18.745
  1.05 18.751
  2.10 18.701
  3.15 18.681
  4.20 18.671
  5.25 18.651
  6.30 18.659
  7.35 18.671
  8.40 18.661
  9.45 18.661
 10.50 18.643
 11.55 18.621
 12.60 18.614
 13.65 18.611
 14.70 18.601
 15.75 18.611
 16.80 18.641
 17.85 18.648
 18.90 18.641
 19.95 18.637
 21.00 18.639
 22.05 18.641
 23.10 18.642
 24.15 18.641
 25.20 18.639
 26.25 18.639
 27.30 18.640
 28.35 18.643
 29.40 18.651
 30.45 18.662
 31.50 18.671
 32.55 18.672
 33.60 18.666
 34.65 18.655
 35.70 18.641
 36.75 18.628
 37.80 18.621
 38.85 18.625
 39.90 18.631
 40.95 18.628
 42.00 18.620
 43.05 18.611
 44.10 18.601
 45.15 18.590
 46.20 18.578
 47.25 18.573
 48.30 18.583
 49.35 18.602
 50.40 18.605
 51.45 18.595
 52.50 18.580
 53.55 18.568
 54.60 18.560
 55.65 18.555
 56.70 18.553
 57.75 18.554
 58.80 18.556
 59.85 18.560
 60.90 18.566
 61.95 18.571
 63.00 18.576
 64.05 18.581
 65.10 18.586
 66.15 18.589
 67.20 18.591
 68.25 18.591
 69.30 18.591
 70.35 18.589
 71.40 18.587
 72.45 18.584
 73.50 18.582
 74.55 18.581
 75.60 18.581
 76.65 18.583
 77.70 18.585
 78.75 18.588
 79.80 18.592
 80.85 18.595
 81.90 18.598
 82.95 18.602
 84.00 18.605
 85.05 18.610
 86.10 18.614
 87.15 18.620
 88.20 18.626
 89.25 18.633
 90.30 18.641
 91.35 18.649
 92.40 18.660
 93.45 18.671
 94.50 18.684
 95.55 18.698
 96.60 18.713
 97.65 18.728
 98.70 18.744
 99.75 18.759
100.80 18.774
101.85 18.788
102.90 18.802
103.95 18.817
105.00 18.834
