-205.00 26.000
-102.50 26.000
-61.50 26.000
-22.55 26.000
-20.50  6.000
-18.43  4.805
-16.36  3.659
-14.29  2.611
-12.22  1.712
-10.15  1.010
 -8.08  0.536
 -6.01  0.249
 -4.10  0.080
 -2.05  0.010
  0.00  0.003
  2.05  0.010
  4.10 -0.060
  6.15 -0.060
  8.20 -0.040
 10.25 -0.010
 12.30  0.026
 14.35  0.060
 16.40  0.090
 18.45  0.130
 20.50  0.142
 22.55  0.160
 24.60  0.210
 26.65  0.230
 28.70  0.290
 30.75  0.340
 32.80  0.390
 34.85  0.437
 36.90  0.480
 38.95  0.524
 41.00  0.567
 43.05  0.610
 45.10  0.652
 47.15  0.691
 49.20  0.730
 51.25  0.767
 53.30  0.803
 55.35  0.837
 57.40  0.870
 59.45  0.902
 61.50  0.930
 63.55  0.954
 65.60  0.975
 67.65  0.993
 69.70  1.010
 71.75  1.027
 73.80  1.044
 75.85  1.061
 77.90  1.080
 79.95  1.098
 82.00  1.111
 84.05  1.114
 86.10  1.114
 88.15  1.121
 90.20  1.140
 92.25  1.163
 94.30  1.181
 96.35  1.191
 98.40  1.202
100.45  1.216
102.50  1.232
104.55  1.248
106.60  1.265
108.65  1.283
110.70  1.301
112.75  1.318
114.80  1.336
116.85  1.353
118.90  1.369
120.95  1.384
123.00  1.398
125.05  1.411
127.10  1.423
129.15  1.433
131.20  1.442
133.25  1.452
135.30  1.461
137.35  1.471
139.40  1.481
141.45  1.493
143.50  1.507
145.55  1.524
147.60  1.542
149.65  1.563
151.70  1.584
153.75  1.606
155.80  1.627
157.85  1.646
159.90  1.663
161.95  1.678
164.00  1.690
166.05  1.700
168.10  1.708
170.15  1.716
172.20  1.722
174.25  1.729
176.30  1.735
178.35  1.743
180.40  1.751
182.45  1.761
184.50  1.773
186.55  1.786
188.60  1.802
190.65  1.820
192.70  1.840
194.75  1.862
196.80  1.885
198.85  1.909
200.90  1.935
202.95  1.961
205.00  1.988
