-225.00 52.957
-112.50 52.957
-67.50 52.957
-24.75 52.957
-22.50 32.957
-20.23 31.762
-17.95 30.615
-15.68 29.568
-13.41 28.669
-11.14 27.967
 -8.86 27.493
 -6.59 27.206
 -4.50 27.037
 -2.25 26.967
  0.00 26.961
  2.25 26.967
  4.50 26.897
  6.75 26.897
  9.00 26.917
 11.25 26.947
 13.50 26.983
 15.75 27.017
 18.00 27.047
 20.25 27.087
 22.50 27.099
 24.75 27.117
 27.00 27.167
 29.25 27.187
 31.50 27.247
 33.75 27.297
 36.00 27.347
 38.25 27.394
 40.50 27.437
 42.75 27.480
 45.00 27.524
 47.25 27.567
 49.50 27.608
 51.75 27.648
 54.00 27.687
 56.25 27.724
 58.50 27.760
 60.75 27.794
 63.00 27.827
 65.25 27.858
 67.50 27.887
 69.75 27.911
 72.00 27.932
 74.25 27.950
 76.50 27.967
 78.75 27.984
 81.00 28.001
 83.25 28.019
 85.50 28.037
 87.75 28.055
 90.00 28.068
 92.25 28.071
 94.50 28.071
 96.75 28.078
 99.00 28.097
101.25 28.120
103.50 28.138
105.75 28.148
108.00 28.159
110.25 28.173
112.50 28.189
114.75 28.205
117.00 28.222
119.25 28.240
121.50 28.258
123.75 28.275
126.00 28.293
128.25 28.310
130.50 28.326
132.75 28.341
135.00 28.355
137.25 28.368
139.50 28.380
141.75 28.390
144.00 28.400
146.25 28.409
148.50 28.418
150.75 28.428
153.00 28.438
155.25 28.450
157.50 28.464
159.75 28.480
162.00 28.499
164.25 28.520
166.50 28.541
168.75 28.563
171.00 28.584
173.25 28.603
175.50 28.620
177.75 28.635
180.00 28.647
182.25 28.657
184.50 28.665
186.75 28.673
189.00 28.679
191.25 28.686
193.50 28.692
195.75 28.700
198.00 28.708
200.25 28.718
202.50 28.730
204.75 28.743
207.00 28.759
209.25 28.777
211.50 28.797
213.75 28.819
216.00 28.842
218.25 28.866
220.50 28.892
222.75 28.918
225.00 28.945
