-215.00 52.538
-107.50 52.538
-64.50 52.538
-23.65 52.538
-21.50 32.538
-19.33 31.343
-17.16 30.197
-14.98 29.149
-12.81 28.250
-10.64 27.548
 -8.47 27.074
 -6.30 26.787
 -4.30 26.618
 -2.15 26.548
  0.00 26.541
  2.15 26.548
  4.30 26.478
  6.45 26.478
  8.60 26.498
 10.75 26.528
 12.90 26.564
 15.05 26.598
 17.20 26.628
 19.35 26.668
 21.50 26.680
 23.65 26.698
 25.80 26.748
 27.95 26.768
 30.10 26.828
 32.25 26.878
 34.40 26.928
 36.55 26.975
 38.70 27.018
 40.85 27.062
 43.00 27.105
 45.15 27.148
 47.30 27.190
 49.45 27.229
 51.60 27.268
 53.75 27.305
 55.90 27.341
 58.05 27.375
 60.20 27.408
 62.35 27.440
 64.50 27.468
 66.65 27.492
 68.80 27.513
 70.95 27.531
 73.10 27.548
 75.25 27.565
 77.40 27.582
 79.55 27.599
 81.70 27.618
 83.85 27.636
 86.00 27.649
 88.15 27.652
 90.30 27.652
 92.45 27.659
 94.60 27.678
 96.75 27.701
 98.90 27.719
101.05 27.729
103.20 27.740
105.35 27.754
107.50 27.770
109.65 27.786
111.80 27.803
113.95 27.821
116.10 27.839
118.25 27.856
120.40 27.874
122.55 27.891
124.70 27.907
126.85 27.922
129.00 27.936
131.15 27.949
133.30 27.961
135.45 27.971
137.60 27.980
139.75 27.990
141.90 27.999
144.05 28.009
146.20 28.019
148.35 28.031
150.50 28.045
152.65 28.062
154.80 28.080
156.95 28.101
159.10 28.122
161.25 28.144
163.40 28.165
165.55 28.184
167.70 28.201
169.85 28.216
172.00 28.228
174.15 28.238
176.30 28.246
178.45 28.254
180.60 28.260
182.75 28.267
184.90 28.273
187.05 28.281
189.20 28.289
191.35 28.299
193.50 28.311
195.65 28.324
197.80 28.340
199.95 28.358
202.10 28.378
204.25 28.400
206.40 28.423
208.55 28.447
210.70 28.473
212.85 28.499
215.00 28.526
