-250.00 53.979
-125.00 53.979
-75.00 53.979
-27.50 53.979
-25.00 33.979
-22.47 32.784
-19.95 31.638
-17.42 30.590
-14.90 29.691
-12.37 28.989
 -9.85 28.515
 -7.32 28.228
 -5.00 28.059
 -2.50 27.989
  0.00 27.983
  2.50 27.989
  5.00 27.919
  7.50 27.919
 10.00 27.939
 12.50 27.969
 15.00 28.005
 17.50 28.039
 20.00 28.069
 22.50 28.109
 25.00 28.120
 27.50 28.139
 30.00 28.189
 32.50 28.209
 35.00 28.269
 37.50 28.319
 40.00 28.369
 42.50 28.416
 45.00 28.459
 47.50 28.502
 50.00 28.546
 52.50 28.589
 55.00 28.630
 57.50 28.670
 60.00 28.709
 62.50 28.746
 65.00 28.782
 67.50 28.816
 70.00 28.849
 72.50 28.880
 75.00 28.909
 77.50 28.933
 80.00 28.954
 82.50 28.972
 85.00 28.989
 87.50 29.006
 90.00 29.023
 92.50 29.041
 95.00 29.059
 97.50 29.077
100.00 29.090
102.50 29.093
105.00 29.093
107.50 29.100
110.00 29.119
112.50 29.142
115.00 29.160
117.50 29.170
120.00 29.181
122.50 29.195
125.00 29.211
127.50 29.227
130.00 29.244
132.50 29.262
135.00 29.280
137.50 29.297
140.00 29.315
142.50 29.332
145.00 29.348
147.50 29.363
150.00 29.377
152.50 29.390
155.00 29.402
157.50 29.412
160.00 29.422
162.50 29.431
165.00 29.440
167.50 29.450
170.00 29.460
172.50 29.472
175.00 29.486
177.50 29.502
180.00 29.521
182.50 29.542
185.00 29.563
187.50 29.585
190.00 29.606
192.50 29.625
195.00 29.642
197.50 29.657
200.00 29.669
202.50 29.679
205.00 29.687
207.50 29.695
210.00 29.701
212.50 29.708
215.00 29.714
217.50 29.722
220.00 29.730
222.50 29.740
225.00 29.752
227.50 29.765
230.00 29.781
232.50 29.799
235.00 29.819
237.50 29.841
240.00 29.864
242.50 29.888
245.00 29.914
247.50 29.940
250.00 29.967
