-200.00 26.000
-100.00 26.000
-60.00 26.000
-22.00 26.000
-20.00  6.000
-17.98  4.805
-15.96  3.659
-13.94  2.611
-11.92  1.712
 -9.90  1.010
 -7.88  0.536
 -5.86  0.249
 -4.00  0.080
 -2.00  0.010
  0.00  0.003
  2.00  0.010
  4.00 -0.060
  6.00 -0.060
  8.00 -0.040
 10.00 -0.010
 12.00  0.026
 14.00  0.060
 16.00  0.090
 18.00  0.130
 20.00  0.141
 22.00  0.160
 24.00  0.210
 26.00  0.230
 28.00  0.290
 30.00  0.340
 32.00  0.390
 34.00  0.437
 36.00  0.480
 38.00  0.524
 40.00  0.567
 42.00  0.610
 44.00  0.652
 46.00  0.691
 48.00  0.730
 50.00  0.767
 52.00  0.803
 54.00  0.837
 56.00  0.870
 58.00  0.902
 60.00  0.930
 62.00  0.954
 64.00  0.975
 66.00  0.993
 68.00  1.010
 70.00  1.027
 72.00  1.044
 74.00  1.061
 76.00  1.080
 78.00  1.098
 80.00  1.111
 82.00  1.114
 84.00  1.114
 86.00  1.121
 88.00  1.140
 90.00  1.163
 92.00  1.181
 94.00  1.191
 96.00  1.202
 98.00  1.216
100.00  1.232
102.00  1.248
104.00  1.265
106.00  1.283
108.00  1.301
110.00  1.318
112.00  1.336
114.00  1.353
116.00  1.369
118.00  1.384
120.00  1.398
122.00  1.411
124.00  1.423
126.00  1.433
128.00  1.442
130.00  1.452
132.00  1.461
134.00  1.471
136.00  1.481
138.00  1.493
140.00  1.507
142.00  1.524
144.00  1.542
146.00  1.563
148.00  1.584
150.00  1.606
152.00  1.627
154.00  1.646
156.00  1.663
158.00  1.678
160.00  1.690
162.00  1.700
164.00  1.708
166.00  1.716
168.00  1.722
170.00  1.729
172.00  1.735
174.00  1.743
176.00  1.751
178.00  1.761
180.00  1.772
182.00  1.786
184.00  1.802
186.00  1.820
188.00  1.840
190.00  1.862
192.00  1.885
194.00  1.909
196.00  1.935
198.00  1.961
200.00  1.988
