-235.00 26.000
-117.50 26.000
-70.50 26.000
-25.85 26.000
-23.50  6.000
-21.13  4.805
-18.75  3.659
-16.38  2.611
-14.01  1.712
-11.63  1.010
 -9.26  0.536
 -6.88  0.249
 -4.70  0.080
 -2.35  0.010
  0.00  0.003
  2.35  0.010
  4.70 -0.060
  7.05 -0.060
  9.40 -0.040
 11.75 -0.010
 14.10  0.026
 16.45  0.060
 18.80  0.090
 21.15  0.130
 23.50  0.141
 25.85  0.160
 28.20  0.210
 30.55  0.230
 32.90  0.290
 35.25  0.340
 37.60  0.390
 39.95  0.437
 42.30  0.480
 44.65  0.524
 47.00  0.567
 49.35  0.610
 51.70  0.652
 54.05  0.691
 56.40  0.730
 58.75  0.767
 61.10  0.803
 63.45  0.837
 65.80  0.870
 68.15  0.902
 70.50  0.930
 72.85  0.954
 75.20  0.975
 77.55  0.993
 79.90  1.010
 82.25  1.027
 84.60  1.044
 86.95  1.061
 89.30  1.080
 91.65  1.098
 94.00  1.111
 96.35  1.114
 98.70  1.114
101.05  1.121
103.40  1.140
105.75  1.163
108.10  1.181
110.45  1.191
112.80  1.202
115.15  1.216
117.50  1.232
119.85  1.248
122.20  1.265
124.55  1.283
126.90  1.301
129.25  1.318
131.60  1.336
133.95  1.353
136.30  1.369
138.65  1.384
141.00  1.398
143.35  1.411
145.70  1.423
148.05  1.433
150.40  1.442
152.75  1.452
155.10  1.461
157.45  1.471
159.80  1.481
162.15  1.493
164.50  1.507
166.85  1.524
169.20  1.542
171.55  1.563
173.90  1.584
176.25  1.606
178.60  1.627
180.95  1.646
183.30  1.663
185.65  1.678
188.00  1.690
190.35  1.700
192.70  1.708
195.05  1.716
197.40  1.722
199.75  1.729
202.10  1.735
204.45  1.743
206.80  1.751
209.15  1.761
211.50  1.772
213.85  1.786
216.20  1.802
218.55  1.820
220.90  1.840
223.25  1.862
225.60  1.885
227.95  1.909
230.30  1.935
232.65  1.961
235.00  1.988
