-220.00 52.785
-110.00 52.785
-66.00 52.785
-24.20 52.785
-22.00 32.785
-19.78 31.590
-17.56 30.444
-15.33 29.396
-13.11 28.497
-10.89 27.795
 -8.67 27.321
 -6.44 27.034
 -4.40 26.865
 -2.20 26.795
  0.00 26.788
  2.20 26.795
  4.40 26.725
  6.60 26.725
  8.80 26.745
 11.00 26.775
 13.20 26.811
 15.40 26.845
 17.60 26.875
 19.80 26.915
 22.00 26.927
 24.20 26.945
 26.40 26.995
 28.60 27.015
 30.80 27.075
 33.00 27.125
 35.20 27.175
 37.40 27.222
 39.60 27.265
 41.80 27.309
 44.00 27.352
 46.20 27.395
 48.40 27.437
 50.60 27.476
 52.80 27.515
 55.00 27.552
 57.20 27.588
 59.40 27.622
 61.60 27.655
 63.80 27.687
 66.00 27.715
 68.20 27.739
 70.40 27.760
 72.60 27.778
 74.80 27.795
 77.00 27.812
 79.20 27.829
 81.40 27.846
 83.60 27.865
 85.80 27.883
 88.00 27.896
 90.20 27.899
 92.40 27.899
 94.60 27.906
 96.80 27.925
 99.00 27.948
101.20 27.966
103.40 27.976
105.60 27.987
107.80 28.001
110.00 28.017
112.20 28.033
114.40 28.050
116.60 28.068
118.80 28.086
121.00 28.103
123.20 28.121
125.40 28.138
127.60 28.154
129.80 28.169
132.00 28.183
134.20 28.196
136.40 28.208
138.60 28.218
140.80 28.227
143.00 28.237
145.20 28.246
147.40 28.256
149.60 28.266
151.80 28.278
154.00 28.292
156.20 28.309
158.40 28.327
160.60 28.348
162.80 28.369
165.00 28.391
167.20 28.412
169.40 28.431
171.60 28.448
173.80 28.463
176.00 28.475
178.20 28.485
180.40 28.493
182.60 28.501
184.80 28.507
187.00 28.514
189.20 28.520
191.40 28.528
193.60 28.536
195.80 28.546
198.00 28.558
200.20 28.571
202.40 28.587
204.60 28.605
206.80 28.625
209.00 28.647
211.20 28.670
213.40 28.694
215.60 28.720
217.80 28.746
220.00 28.773
