-230.00 53.227
-115.00 53.227
-69.00 53.227
-25.30 53.227
-23.00 33.227
-20.68 32.032
-18.35 30.886
-16.03 29.838
-13.71 28.939
-11.38 28.237
 -9.06 27.763
 -6.74 27.476
 -4.60 27.307
 -2.30 27.237
  0.00 27.230
  2.30 27.237
  4.60 27.167
  6.90 27.167
  9.20 27.187
 11.50 27.217
 13.80 27.253
 16.10 27.287
 18.40 27.317
 20.70 27.357
 23.00 27.368
 25.30 27.387
 27.60 27.437
 29.90 27.457
 32.20 27.517
 34.50 27.567
 36.80 27.617
 39.10 27.664
 41.40 27.707
 43.70 27.751
 46.00 27.794
 48.30 27.837
 50.60 27.879
 52.90 27.918
 55.20 27.957
 57.50 27.994
 59.80 28.030
 62.10 28.064
 64.40 28.097
 66.70 28.129
 69.00 28.157
 71.30 28.181
 73.60 28.202
 75.90 28.220
 78.20 28.237
 80.50 28.254
 82.80 28.271
 85.10 28.288
 87.40 28.307
 89.70 28.325
 92.00 28.338
 94.30 28.341
 96.60 28.341
 98.90 28.348
101.20 28.367
103.50 28.390
105.80 28.408
108.10 28.418
110.40 28.429
112.70 28.443
115.00 28.459
117.30 28.475
119.60 28.492
121.90 28.510
124.20 28.528
126.50 28.545
128.80 28.563
131.10 28.580
133.40 28.596
135.70 28.611
138.00 28.625
140.30 28.638
142.60 28.650
144.90 28.660
147.20 28.669
149.50 28.679
151.80 28.688
154.10 28.698
156.40 28.708
158.70 28.720
161.00 28.734
163.30 28.751
165.60 28.769
167.90 28.790
170.20 28.811
172.50 28.833
174.80 28.854
177.10 28.873
179.40 28.890
181.70 28.905
184.00 28.917
186.30 28.927
188.60 28.935
190.90 28.943
193.20 28.949
195.50 28.956
197.80 28.962
200.10 28.970
202.40 28.978
204.70 28.988
207.00 28.999
209.30 29.013
211.60 29.029
213.90 29.047
216.20 29.067
218.50 29.089
220.80 29.112
223.10 29.136
225.40 29.162
227.70 29.188
230.00 29.215
