-210.00 52.259
-105.00 52.259
-63.00 52.259
-23.10 52.259
-21.00 32.259
-18.88 31.064
-16.76 29.918
-14.64 28.870
-12.52 27.971
-10.39 27.269
 -8.27 26.795
 -6.15 26.508
 -4.20 26.339
 -2.10 26.269
  0.00 26.263
  2.10 26.269
  4.20 26.199
  6.30 26.199
  8.40 26.219
 10.50 26.249
 12.60 26.285
 14.70 26.319
 16.80 26.349
 18.90 26.389
 21.00 26.401
 23.10 26.419
 25.20 26.469
 27.30 26.489
 29.40 26.549
 31.50 26.599
 33.60 26.649
 35.70 26.696
 37.80 26.739
 39.90 26.782
 42.00 26.826
 44.10 26.869
 46.20 26.910
 48.30 26.950
 50.40 26.989
 52.50 27.026
 54.60 27.062
 56.70 27.096
 58.80 27.129
 60.90 27.160
 63.00 27.189
 65.10 27.213
 67.20 27.234
 69.30 27.252
 71.40 27.269
 73.50 27.286
 75.60 27.303
 77.70 27.321
 79.80 27.339
 81.90 27.357
 84.00 27.370
 86.10 27.373
 88.20 27.373
 90.30 27.380
 92.40 27.399
 94.50 27.422
 96.60 27.440
 98.70 27.450
100.80 27.461
102.90 27.475
105.00 27.491
107.10 27.507
109.20 27.524
111.30 27.542
113.40 27.560
115.50 27.577
117.60 27.595
119.70 27.612
121.80 27.628
123.90 27.643
126.00 27.657
128.10 27.670
130.20 27.682
132.30 27.692
134.40 27.702
136.50 27.711
138.60 27.720
140.70 27.730
142.80 27.740
144.90 27.752
147.00 27.766
149.10 27.782
151.20 27.801
153.30 27.822
155.40 27.843
157.50 27.865
159.60 27.886
161.70 27.905
163.80 27.922
165.90 27.937
168.00 27.949
170.10 27.959
172.20 27.967
174.30 27.975
176.40 27.981
178.50 27.988
180.60 27.994
182.70 28.002
184.80 28.010
186.90 28.020
189.00 28.032
191.10 28.045
193.20 28.061
195.30 28.079
197.40 28.099
199.50 28.121
201.60 28.144
203.70 28.168
205.80 28.194
207.90 28.220
210.00 28.247
