-220.00 26.000
-110.00 26.000
-66.00 26.000
-24.20 26.000
-22.00  6.000
-19.78  4.805
-17.56  3.659
-15.33  2.611
-13.11  1.712
-10.89  1.010
 -8.67  0.536
 -6.44  0.249
 -4.40  0.080
 -2.20  0.010
  0.00  0.003
  2.20  0.010
  4.40 -0.060
  6.60 -0.060
  8.80 -0.040
 11.00 -0.010
 13.20  0.026
 15.40  0.060
 17.60  0.090
 19.80  0.130
 22.00  0.142
 24.20  0.160
 26.40  0.210
 28.60  0.230
 30.80  0.290
 33.00  0.340
 35.20  0.390
 37.40  0.437
 39.60  0.480
 41.80  0.524
 44.00  0.567
 46.20  0.610
 48.40  0.652
 50.60  0.691
 52.80  0.730
 55.00  0.767
 57.20  0.803
 59.40  0.837
 61.60  0.870
 63.80  0.902
 66.00  0.930
 68.20  0.954
 70.40  0.975
 72.60  0.993
 74.80  1.010
 77.00  1.027
 79.20  1.044
 81.40  1.061
 83.60  1.080
 85.80  1.098
 88.00  1.111
 90.20  1.114
 92.40  1.114
 94.60  1.121
 96.80  1.140
 99.00  1.163
101.20  1.181
103.40  1.191
105.60  1.202
107.80  1.216
110.00  1.232
112.20  1.248
114.40  1.265
116.60  1.283
118.80  1.301
121.00  1.318
123.20  1.336
125.40  1.353
127.60  1.369
129.80  1.384
132.00  1.398
134.20  1.411
136.40  1.423
138.60  1.433
140.80  1.442
143.00  1.452
145.20  1.461
147.40  1.471
149.60  1.481
151.80  1.493
154.00  1.507
156.20  1.524
158.40  1.542
160.60  1.563
162.80  1.584
165.00  1.606
167.20  1.627
169.40  1.646
171.60  1.663
173.80  1.678
176.00  1.690
178.20  1.700
180.40  1.708
182.60  1.716
184.80  1.722
187.00  1.729
189.20  1.735
191.40  1.743
193.60  1.751
195.80  1.761
198.00  1.773
200.20  1.786
202.40  1.802
204.60  1.820
206.80  1.840
209.00  1.862
211.20  1.885
213.40  1.909
215.60  1.935
217.80  1.961
220.00  1.988
