-245.00 53.757
-122.50 53.757
-73.50 53.757
-26.95 53.757
-24.50 33.757
-22.03 32.562
-19.55 31.416
-17.08 30.368
-14.60 29.469
-12.13 28.767
 -9.65 28.293
 -7.18 28.006
 -4.90 27.837
 -2.45 27.767
  0.00 27.761
  2.45 27.767
  4.90 27.697
  7.35 27.697
  9.80 27.717
 12.25 27.747
 14.70 27.783
 17.15 27.817
 19.60 27.847
 22.05 27.887
 24.50 27.898
 26.95 27.917
 29.40 27.967
 31.85 27.987
 34.30 28.047
 36.75 28.097
 39.20 28.147
 41.65 28.194
 44.10 28.237
 46.55 28.281
 49.00 28.324
 51.45 28.367
 53.90 28.409
 56.35 28.448
 58.80 28.487
 61.25 28.524
 63.70 28.560
 66.15 28.594
 68.60 28.627
 71.05 28.659
 73.50 28.687
 75.95 28.711
 78.40 28.732
 80.85 28.750
 83.30 28.767
 85.75 28.784
 88.20 28.801
 90.65 28.819
 93.10 28.837
 95.55 28.855
 98.00 28.868
100.45 28.871
102.90 28.871
105.35 28.878
107.80 28.897
110.25 28.920
112.70 28.938
115.15 28.948
117.60 28.959
120.05 28.973
122.50 28.989
124.95 29.005
127.40 29.022
129.85 29.040
132.30 29.058
134.75 29.075
137.20 29.093
139.65 29.110
142.10 29.126
144.55 29.141
147.00 29.155
149.45 29.168
151.90 29.180
154.35 29.190
156.80 29.200
159.25 29.209
161.70 29.218
164.15 29.228
166.60 29.238
169.05 29.250
171.50 29.264
173.95 29.281
176.40 29.299
178.85 29.320
181.30 29.341
183.75 29.363
186.20 29.384
188.65 29.403
191.10 29.420
193.55 29.435
196.00 29.447
198.45 29.457
200.90 29.465
203.35 29.473
205.80 29.479
208.25 29.486
210.70 29.492
213.15 29.500
215.60 29.508
218.05 29.518
220.50 29.529
222.95 29.543
225.40 29.559
227.85 29.577
230.30 29.597
232.75 29.619
235.20 29.642
237.65 29.666
240.10 29.692
242.55 29.718
245.00 29.745
