-240.00 26.000
-120.00 26.000
-72.00 26.000
-26.40 26.000
-24.00  6.000
-21.58  4.805
-19.15  3.659
-16.73  2.611
-14.30  1.712
-11.88  1.010
 -9.45  0.536
 -7.03  0.249
 -4.80  0.080
 -2.40  0.010
  0.00  0.004
  2.40  0.010
  4.80 -0.060
  7.20 -0.060
  9.60 -0.040
 12.00 -0.010
 14.40  0.026
 16.80  0.060
 19.20  0.090
 21.60  0.130
 24.00  0.142
 26.40  0.160
 28.80  0.210
 31.20  0.230
 33.60  0.290
 36.00  0.340
 38.40  0.390
 40.80  0.437
 43.20  0.480
 45.60  0.523
 48.00  0.567
 50.40  0.610
 52.80  0.651
 55.20  0.691
 57.60  0.730
 60.00  0.767
 62.40  0.803
 64.80  0.837
 67.20  0.870
 69.60  0.901
 72.00  0.930
 74.40  0.954
 76.80  0.975
 79.20  0.993
 81.60  1.010
 84.00  1.027
 86.40  1.044
 88.80  1.062
 91.20  1.080
 93.60  1.098
 96.00  1.111
 98.40  1.114
100.80  1.114
103.20  1.121
105.60  1.140
108.00  1.163
110.40  1.181
112.80  1.191
115.20  1.202
117.60  1.216
120.00  1.232
122.40  1.248
124.80  1.265
127.20  1.283
129.60  1.301
132.00  1.318
134.40  1.336
136.80  1.353
139.20  1.369
141.60  1.384
144.00  1.398
146.40  1.411
148.80  1.423
151.20  1.433
153.60  1.443
156.00  1.452
158.40  1.461
160.80  1.471
163.20  1.481
165.60  1.493
168.00  1.507
170.40  1.523
172.80  1.542
175.20  1.563
177.60  1.584
180.00  1.606
182.40  1.627
184.80  1.646
187.20  1.663
189.60  1.678
192.00  1.690
194.40  1.700
196.80  1.708
199.20  1.716
201.60  1.722
204.00  1.729
206.40  1.735
208.80  1.743
211.20  1.751
213.60  1.761
216.00  1.773
218.40  1.786
220.80  1.802
223.20  1.820
225.60  1.840
228.00  1.862
230.40  1.885
232.80  1.909
235.20  1.935
237.60  1.961
240.00  1.988
