-210.00 26.000
-105.00 26.000
-63.00 26.000
-23.10 26.000
-21.00  6.000
-18.88  4.805
-16.76  3.659
-14.64  2.611
-12.52  1.712
-10.39  1.010
 -8.27  0.536
 -6.15  0.249
 -4.20  0.080
 -2.10  0.010
  0.00  0.004
  2.10  0.010
  4.20 -0.060
  6.30 -0.060
  8.40 -0.040
 10.50 -0.010
 12.60  0.026
 14.70  0.060
 16.80  0.090
 18.90  0.130
 21.00  0.142
 23.10  0.160
 25.20  0.210
 27.30  0.230
 29.40  0.290
 31.50  0.340
 33.60  0.390
 35.70  0.437
 37.80  0.480
 39.90  0.523
 42.00  0.567
 44.10  0.610
 46.20  0.651
 48.30  0.691
 50.40  0.730
 52.50  0.767
 54.60  0.803
 56.70  0.837
 58.80  0.870
 60.90  0.901
 63.00  0.930
 65.10  0.954
 67.20  0.975
 69.30  0.993
 71.40  1.010
 73.50  1.027
 75.60  1.044
 77.70  1.062
 79.80  1.080
 81.90  1.098
 84.00  1.111
 86.10  1.114
 88.20  1.114
 90.30  1.121
 92.40  1.140
 94.50  1.163
 96.60  1.181
 98.70  1.191
100.80  1.202
102.90  1.216
105.00  1.232
107.10  1.248
109.20  1.265
111.30  1.283
113.40  1.301
115.50  1.318
117.60  1.336
119.70  1.353
121.80  1.369
123.90  1.384
126.00  1.398
128.10  1.411
130.20  1.423
132.30  1.433
134.40  1.443
136.50  1.452
138.60  1.461
140.70  1.471
142.80  1.481
144.90  1.493
147.00  1.507
149.10  1.523
151.20  1.542
153.30  1.563
155.40  1.584
157.50  1.606
159.60  1.627
161.70  1.646
163.80  1.663
165.90  1.678
168.00  1.690
170.10  1.700
172.20  1.708
174.30  1.716
176.40  1.722
178.50  1.729
180.60  1.735
182.70  1.743
184.80  1.751
186.90  1.761
189.00  1.773
191.10  1.786
193.20  1.802
195.30  1.820
197.40  1.840
199.50  1.862
201.60  1.885
203.70  1.909
205.80  1.935
207.90  1.961
210.00  1.988
