-250.00 26.000
-125.00 26.000
-75.00 26.000
-27.50 26.000
-25.00  6.000
-22.47  4.805
-19.95  3.659
-17.42  2.611
-14.90  1.712
-12.37  1.010
 -9.85  0.536
 -7.32  0.249
 -5.00  0.080
 -2.50  0.010
  0.00  0.004
  2.50  0.010
  5.00 -0.060
  7.50 -0.060
 10.00 -0.040
 12.50 -0.010
 15.00  0.026
 17.50  0.060
 20.00  0.090
 22.50  0.130
 25.00  0.142
 27.50  0.160
 30.00  0.210
 32.50  0.230
 35.00  0.290
 37.50  0.340
 40.00  0.390
 42.50  0.437
 45.00  0.480
 47.50  0.523
 50.00  0.567
 52.50  0.610
 55.00  0.651
 57.50  0.691
 60.00  0.730
 62.50  0.767
 65.00  0.803
 67.50  0.837
 70.00  0.870
 72.50  0.901
 75.00  0.930
 77.50  0.954
 80.00  0.975
 82.50  0.993
 85.00  1.010
 87.50  1.027
 90.00  1.044
 92.50  1.062
 95.00  1.080
 97.50  1.098
100.00  1.111
102.50  1.114
105.00  1.114
107.50  1.121
110.00  1.140
112.50  1.163
115.00  1.181
117.50  1.191
120.00  1.202
122.50  1.216
125.00  1.232
127.50  1.248
130.00  1.265
132.50  1.283
135.00  1.301
137.50  1.318
140.00  1.336
142.50  1.353
145.00  1.369
147.50  1.384
150.00  1.398
152.50  1.411
155.00  1.423
157.50  1.433
160.00  1.443
162.50  1.452
165.00  1.461
167.50  1.471
170.00  1.481
172.50  1.493
175.00  1.507
177.50  1.523
180.00  1.542
182.50  1.563
185.00  1.584
187.50  1.606
190.00  1.627
192.50  1.646
195.00  1.663
197.50  1.678
200.00  1.690
202.50  1.700
205.00  1.708
207.50  1.716
210.00  1.722
212.50  1.729
215.00  1.735
217.50  1.743
220.00  1.751
222.50  1.761
225.00  1.773
227.50  1.786
230.00  1.802
232.50  1.820
235.00  1.840
237.50  1.862
240.00  1.885
242.50  1.909
245.00  1.935
247.50  1.961
250.00  1.988
