-240.00 53.583
-120.00 53.583
-72.00 53.583
-26.40 53.583
-24.00 33.583
-21.58 32.388
-19.15 31.242
-16.73 30.194
-14.30 29.295
-11.88 28.593
 -9.45 28.119
 -7.03 27.832
 -4.80 27.663
 -2.40 27.593
  0.00 27.587
  2.40 27.593
  4.80 27.523
  7.20 27.523
  9.60 27.543
 12.00 27.573
 14.40 27.609
 16.80 27.643
 19.20 27.673
 21.60 27.713
 24.00 27.724
 26.40 27.743
 28.80 27.793
 31.20 27.813
 33.60 27.873
 36.00 27.923
 38.40 27.973
 40.80 28.020
 43.20 28.063
 45.60 28.106
 48.00 28.150
 50.40 28.193
 52.80 28.234
 55.20 28.274
 57.60 28.313
 60.00 28.350
 62.40 28.386
 64.80 28.420
 67.20 28.453
 69.60 28.484
 72.00 28.513
 74.40 28.537
 76.80 28.558
 79.20 28.576
 81.60 28.593
 84.00 28.610
 86.40 28.627
 88.80 28.645
 91.20 28.663
 93.60 28.681
 96.00 28.694
 98.40 28.697
100.80 28.697
103.20 28.704
105.60 28.723
108.00 28.746
110.40 28.764
112.80 28.774
115.20 28.785
117.60 28.799
120.00 28.815
122.40 28.831
124.80 28.848
127.20 28.866
129.60 28.884
132.00 28.901
134.40 28.919
136.80 28.936
139.20 28.952
141.60 28.967
144.00 28.981
146.40 28.994
148.80 29.006
151.20 29.016
153.60 29.026
156.00 29.035
158.40 29.044
160.80 29.054
163.20 29.064
165.60 29.076
168.00 29.090
170.40 29.106
172.80 29.125
175.20 29.146
177.60 29.167
180.00 29.189
182.40 29.210
184.80 29.229
187.20 29.246
189.60 29.261
192.00 29.273
194.40 29.283
196.80 29.291
199.20 29.299
201.60 29.305
204.00 29.312
206.40 29.318
208.80 29.326
211.20 29.334
213.60 29.344
216.00 29.355
218.40 29.369
220.80 29.385
223.20 29.403
225.60 29.423
228.00 29.445
230.40 29.468
232.80 29.492
235.20 29.518
237.60 29.544
240.00 29.571
