-230.00 26.000
-115.00 26.000
-69.00 26.000
-25.30 26.000
-23.00  6.000
-20.68  4.805
-18.35  3.659
-16.03  2.611
-13.71  1.712
-11.38  1.010
 -9.06  0.536
 -6.74  0.249
 -4.60  0.080
 -2.30  0.010
  0.00  0.003
  2.30  0.010
  4.60 -0.060
  6.90 -0.060
  9.20 -0.040
 11.50 -0.010
 13.80  0.026
 16.10  0.060
 18.40  0.090
 20.70  0.130
 23.00  0.141
 25.30  0.160
 27.60  0.210
 29.90  0.230
 32.20  0.290
 34.50  0.340
 36.80  0.390
 39.10  0.437
 41.40  0.480
 43.70  0.524
 46.00  0.567
 48.30  0.610
 50.60  0.652
 52.90  0.691
 55.20  0.730
 57.50  0.767
 59.80  0.803
 62.10  0.837
 64.40  0.870
 66.70  0.902
 69.00  0.930
 71.30  0.954
 73.60  0.975
 75.90  0.993
 78.20  1.010
 80.50  1.027
 82.80  1.044
 85.10  1.061
 87.40  1.080
 89.70  1.098
 92.00  1.111
 94.30  1.114
 96.60  1.114
 98.90  1.121
101.20  1.140
103.50  1.163
105.80  1.181
108.10  1.191
110.40  1.202
112.70  1.216
115.00  1.232
117.30  1.248
119.60  1.265
121.90  1.283
124.20  1.301
126.50  1.318
128.80  1.336
131.10  1.353
133.40  1.369
135.70  1.384
138.00  1.398
140.30  1.411
142.60  1.423
144.90  1.433
147.20  1.442
149.50  1.452
151.80  1.461
154.10  1.471
156.40  1.481
158.70  1.493
161.00  1.507
163.30  1.524
165.60  1.542
167.90  1.563
170.20  1.584
172.50  1.606
174.80  1.627
177.10  1.646
179.40  1.663
181.70  1.678
184.00  1.690
186.30  1.700
188.60  1.708
190.90  1.716
193.20  1.722
195.50  1.729
197.80  1.735
200.10  1.743
202.40  1.751
204.70  1.761
207.00  1.772
209.30  1.786
211.60  1.802
213.90  1.820
216.20  1.840
218.50  1.862
220.80  1.885
223.10  1.909
225.40  1.935
227.70  1.961
230.00  1.988
