-235.00 53.429
-117.50 53.429
-70.50 53.429
-25.85 53.429
-23.50 33.429
-21.13 32.234
-18.75 31.087
-16.38 30.040
-14.01 29.141
-11.63 28.439
 -9.26 27.965
 -6.88 27.678
 -4.70 27.509
 -2.35 27.439
  0.00 27.432
  2.35 27.439
  4.70 27.369
  7.05 27.369
  9.40 27.389
 11.75 27.419
 14.10 27.455
 16.45 27.489
 18.80 27.519
 21.15 27.559
 23.50 27.570
 25.85 27.589
 28.20 27.639
 30.55 27.659
 32.90 27.719
 35.25 27.769
 37.60 27.819
 39.95 27.866
 42.30 27.909
 44.65 27.953
 47.00 27.996
 49.35 28.039
 51.70 28.081
 54.05 28.120
 56.40 28.159
 58.75 28.196
 61.10 28.232
 63.45 28.266
 65.80 28.299
 68.15 28.331
 70.50 28.359
 72.85 28.383
 75.20 28.404
 77.55 28.422
 79.90 28.439
 82.25 28.456
 84.60 28.473
 86.95 28.490
 89.30 28.509
 91.65 28.527
 94.00 28.540
 96.35 28.543
 98.70 28.543
101.05 28.550
103.40 28.569
105.75 28.592
108.10 28.610
110.45 28.620
112.80 28.631
115.15 28.645
117.50 28.661
119.85 28.677
122.20 28.694
124.55 28.712
126.90 28.730
129.25 28.747
131.60 28.765
133.95 28.782
136.30 28.798
138.65 28.813
141.00 28.827
143.35 28.840
145.70 28.852
148.05 28.862
150.40 28.871
152.75 28.881
155.10 28.890
157.45 28.900
159.80 28.910
162.15 28.922
164.50 28.936
166.85 28.953
169.20 28.971
171.55 28.992
173.90 29.013
176.25 29.035
178.60 29.056
180.95 29.075
183.30 29.092
185.65 29.107
188.00 29.119
190.35 29.129
192.70 29.137
195.05 29.145
197.40 29.151
199.75 29.158
202.10 29.164
204.45 29.172
206.80 29.180
209.15 29.190
211.50 29.201
213.85 29.215
216.20 29.231
218.55 29.249
220.90 29.269
223.25 29.291
225.60 29.314
227.95 29.338
230.30 29.364
232.65 29.390
235.00 29.417
