-200.00 51.852
-100.00 51.852
-60.00 51.852
-22.00 51.852
-20.00 31.852
-17.98 30.657
-15.96 29.511
-13.94 28.463
-11.92 27.564
 -9.90 26.862
 -7.88 26.388
 -5.86 26.101
 -4.00 25.932
 -2.00 25.862
  0.00 25.855
  2.00 25.862
  4.00 25.792
  6.00 25.792
  8.00 25.812
 10.00 25.842
 12.00 25.878
 14.00 25.912
 16.00 25.942
 18.00 25.982
 20.00 25.993
 22.00 26.012
 24.00 26.062
 26.00 26.082
 28.00 26.142
 30.00 26.192
 32.00 26.242
 34.00 26.289
 36.00 26.332
 38.00 26.376
 40.00 26.419
 42.00 26.462
 44.00 26.504
 46.00 26.543
 48.00 26.582
 50.00 26.619
 52.00 26.655
 54.00 26.689
 56.00 26.722
 58.00 26.754
 60.00 26.782
 62.00 26.806
 64.00 26.827
 66.00 26.845
 68.00 26.862
 70.00 26.879
 72.00 26.896
 74.00 26.913
 76.00 26.932
 78.00 26.950
 80.00 26.963
 82.00 26.966
 84.00 26.966
 86.00 26.973
 88.00 26.992
 90.00 27.015
 92.00 27.033
 94.00 27.043
 96.00 27.054
 98.00 27.068
100.00 27.084
102.00 27.100
104.00 27.117
106.00 27.135
108.00 27.153
110.00 27.170
112.00 27.188
114.00 27.205
116.00 27.221
118.00 27.236
120.00 27.250
122.00 27.263
124.00 27.275
126.00 27.285
128.00 27.294
130.00 27.304
132.00 27.313
134.00 27.323
136.00 27.333
138.00 27.345
140.00 27.359
142.00 27.376
144.00 27.394
146.00 27.415
148.00 27.436
150.00 27.458
152.00 27.479
154.00 27.498
156.00 27.515
158.00 27.530
160.00 27.542
162.00 27.552
164.00 27.560
166.00 27.568
168.00 27.574
170.00 27.581
172.00 27.587
174.00 27.595
176.00 27.603
178.00 27.613
180.00 27.624
182.00 27.638
184.00 27.654
186.00 27.672
188.00 27.692
190.00 27.714
192.00 27.737
194.00 27.761
196.00 27.787
198.00 27.813
200.00 27.840
