-215.00 26.000
-107.50 26.000
-64.50 26.000
-23.65 26.000
-21.50  6.000
-19.33  4.805
-17.16  3.659
-14.98  2.611
-12.81  1.712
-10.64  1.010
 -8.47  0.536
 -6.30  0.249
 -4.30  0.080
 -2.15  0.010
  0.00  0.003
  2.15  0.010
  4.30 -0.060
  6.45 -0.060
  8.60 -0.040
 10.75 -0.010
 12.90  0.026
 15.05  0.060
 17.20  0.090
 19.35  0.130
 21.50  0.142
 23.65  0.160
 25.80  0.210
 27.95  0.230
 30.10  0.290
 32.25  0.340
 34.40  0.390
 36.55  0.437
 38.70  0.480
 40.85  0.524
 43.00  0.567
 45.15  0.610
 47.30  0.652
 49.45  0.691
 51.60  0.730
 53.75  0.767
 55.90  0.803
 58.05  0.837
 60.20  0.870
 62.35  0.902
 64.50  0.930
 66.65  0.954
 68.80  0.975
 70.95  0.993
 73.10  1.010
 75.25  1.027
 77.40  1.044
 79.55  1.061
 81.70  1.080
 83.85  1.098
 86.00  1.111
 88.15  1.114
 90.30  1.114
 92.45  1.121
 94.60  1.140
 96.75  1.163
 98.90  1.181
101.05  1.191
103.20  1.202
105.35  1.216
107.50  1.232
109.65  1.248
111.80  1.265
113.95  1.283
116.10  1.301
118.25  1.318
120.40  1.336
122.55  1.353
124.70  1.369
126.85  1.384
129.00  1.398
131.15  1.411
133.30  1.423
135.45  1.433
137.60  1.442
139.75  1.452
141.90  1.461
144.05  1.471
146.20  1.481
148.35  1.493
150.50  1.507
152.65  1.524
154.80  1.542
156.95  1.563
159.10  1.584
161.25  1.606
163.40  1.627
165.55  1.646
167.70  1.663
169.85  1.678
172.00  1.690
174.15  1.700
176.30  1.708
178.45  1.716
180.60  1.722
182.75  1.729
184.90  1.735
187.05  1.743
189.20  1.751
191.35  1.761
193.50  1.773
195.65  1.786
197.80  1.802
199.95  1.820
202.10  1.840
204.25  1.862
206.40  1.885
208.55  1.909
210.70  1.935
212.85  1.961
215.00  1.988
