-245.00 26.000
-122.50 26.000
-73.50 26.000
-26.95 26.000
-24.50  6.000
-22.03  4.805
-19.55  3.659
-17.08  2.611
-14.60  1.712
-12.13  1.010
 -9.65  0.536
 -7.18  0.249
 -4.90  0.080
 -2.45  0.010
  0.00  0.003
  2.45  0.010
  4.90 -0.060
  7.35 -0.060
  9.80 -0.040
 12.25 -0.010
 14.70  0.026
 17.15  0.060
 19.60  0.090
 22.05  0.130
 24.50  0.141
 26.95  0.160
 29.40  0.210
 31.85  0.230
 34.30  0.290
 36.75  0.340
 39.20  0.390
 41.65  0.437
 44.10  0.480
 46.55  0.524
 49.00  0.567
 51.45  0.610
 53.90  0.652
 56.35  0.691
 58.80  0.730
 61.25  0.767
 63.70  0.803
 66.15  0.837
 68.60  0.870
 71.05  0.902
 73.50  0.930
 75.95  0.954
 78.40  0.975
 80.85  0.993
 83.30  1.010
 85.75  1.027
 88.20  1.044
 90.65  1.061
 93.10  1.080
 95.55  1.098
 98.00  1.111
100.45  1.114
102.90  1.114
105.35  1.121
107.80  1.140
110.25  1.163
112.70  1.181
115.15  1.191
117.60  1.202
120.05  1.216
122.50  1.232
124.95  1.248
127.40  1.265
129.85  1.283
132.30  1.301
134.75  1.318
137.20  1.336
139.65  1.353
142.10  1.369
144.55  1.384
147.00  1.398
149.45  1.411
151.90  1.423
154.35  1.433
156.80  1.442
159.25  1.452
161.70  1.461
164.15  1.471
166.60  1.481
169.05  1.493
171.50  1.507
173.95  1.524
176.40  1.542
178.85  1.563
181.30  1.584
183.75  1.606
186.20  1.627
188.65  1.646
191.10  1.663
193.55  1.678
196.00  1.690
198.45  1.700
200.90  1.708
203.35  1.716
205.80  1.722
208.25  1.729
210.70  1.735
213.15  1.743
215.60  1.751
218.05  1.761
220.50  1.772
222.95  1.786
225.40  1.802
227.85  1.820
230.30  1.840
232.75  1.862
235.20  1.885
237.65  1.909
240.10  1.935
242.55  1.961
245.00  1.988
