-205.00 52.020
-102.50 52.020
-61.50 52.020
-22.55 52.020
-20.50 32.020
-18.43 30.825
-16.36 29.678
-14.29 28.631
-12.22 27.732
-10.15 27.030
 -8.08 26.556
 -6.01 26.269
 -4.10 26.100
 -2.05 26.030
  0.00 26.023
  2.05 26.030
  4.10 25.960
  6.15 25.960
  8.20 25.980
 10.25 26.010
 12.30 26.046
 14.35 26.080
 16.40 26.110
 18.45 26.150
 20.50 26.162
 22.55 26.180
 24.60 26.230
 26.65 26.250
 28.70 26.310
 30.75 26.360
 32.80 26.410
 34.85 26.457
 36.90 26.500
 38.95 26.544
 41.00 26.587
 43.05 26.630
 45.10 26.672
 47.15 26.711
 49.20 26.750
 51.25 26.787
 53.30 26.823
 55.35 26.857
 57.40 26.890
 59.45 26.922
 61.50 26.950
 63.55 26.974
 65.60 26.995
 67.65 27.013
 69.70 27.030
 71.75 27.047
 73.80 27.064
 75.85 27.081
 77.90 27.100
 79.95 27.118
 82.00 27.131
 84.05 27.134
 86.10 27.134
 88.15 27.141
 90.20 27.160
 92.25 27.183
 94.30 27.201
 96.35 27.211
 98.40 27.222
100.45 27.236
102.50 27.252
104.55 27.268
106.60 27.285
108.65 27.303
110.70 27.321
112.75 27.338
114.80 27.356
116.85 27.373
118.90 27.389
120.95 27.404
123.00 27.418
125.05 27.431
127.10 27.443
129.15 27.453
131.20 27.462
133.25 27.472
135.30 27.481
137.35 27.491
139.40 27.501
141.45 27.513
143.50 27.527
145.55 27.544
147.60 27.562
149.65 27.583
151.70 27.604
153.75 27.626
155.80 27.647
157.85 27.666
159.90 27.683
161.95 27.698
164.00 27.710
166.05 27.720
168.10 27.728
170.15 27.736
172.20 27.742
174.25 27.749
176.30 27.755
178.35 27.763
180.40 27.771
182.45 27.781
184.50 27.793
186.55 27.806
188.60 27.822
190.65 27.840
192.70 27.860
194.75 27.882
196.80 27.905
198.85 27.929
200.90 27.955
202.95 27.981
205.00 28.008
