#1 observer-frame phase [day]
#2 HSC g mag (AB)
#3 HSC r mag (AB)
#4 HSC i mag (AB)
#5 HSC z mag (AB)
#6 HSC y mag (AB)
-200.000  8.1730  8.1730  8.1730  8.1730  8.1730
-26.250  8.1730  8.1730  8.1730  8.1730  8.1730
-25.000  3.5390  3.6720  3.8960  3.9530  3.9190
-23.750  3.8370  3.5120  3.3260  3.4150  3.5350
-22.500  3.9050  3.1200  2.7990  2.8630  3.0330
-21.250  3.6260  2.5970  2.2750  2.3460  2.5600
-20.000  3.0920  2.0210  1.7630  1.8600  2.0890
-18.750  2.4780  1.5980  1.3980  1.5060  1.7450
-17.500  1.9820  1.2300  1.1340  1.2170  1.4320
-16.250  1.6570  1.0090  0.9280  1.0310  1.2200
-15.000  1.3660  0.8040  0.7380  0.8630  1.0320
-13.750  1.1660  0.6600  0.5880  0.7450  0.9100
-12.500  1.0270  0.5100  0.4510  0.6040  0.7640
-11.250  0.8970  0.4200  0.3590  0.5030  0.6560
-10.000  0.8190  0.3460  0.2790  0.4160  0.5660
 -8.750  0.7390  0.3130  0.2080  0.3290  0.4940
 -7.500  0.6860  0.2840  0.1570  0.2560  0.4300
 -6.250  0.6510  0.2620  0.1000  0.1820  0.3670
 -5.000  0.6530  0.2430  0.0730  0.1480  0.3280
 -3.750  0.6890  0.2370  0.0390  0.1100  0.2880
 -2.500  0.7440  0.2300  0.0170  0.0770  0.2470
 -1.250  0.8150  0.2490  0.0080  0.0620  0.2290
  0.000  0.8970  0.2620  0.0000  0.0490  0.2130
  1.250  1.0210  0.2680  0.0110  0.0480  0.2040
  2.500  1.1350  0.2670  0.0130  0.0320  0.1780
  3.750  1.2600  0.2890  0.0280  0.0350  0.1740
  5.000  1.3770  0.3670  0.0580  0.0650  0.2060
  6.250  1.4940  0.4540  0.1000  0.1030  0.2430
  7.500  1.6260  0.5530  0.1480  0.1470  0.2850
  8.750  1.7920  0.6240  0.2100  0.1790  0.3130
 10.000  1.9500  0.7060  0.2860  0.2210  0.3500
 11.250  2.1040  0.7830  0.3720  0.2630  0.3790
 12.500  2.2340  0.8880  0.4560  0.3230  0.4230
 13.750  2.3270  0.9750  0.5300  0.3820  0.4720
 15.000  2.4080  1.0410  0.6030  0.4450  0.5280
 16.250  2.5240  1.1360  0.6720  0.5090  0.5870
 17.500  2.6440  1.2320  0.7240  0.6190  0.7230
 18.750  2.7510  1.3330  0.7770  0.7340  0.8700
 20.000  2.8040  1.4180  0.8270  0.8540  1.0270
 21.250  2.8720  1.4860  0.8890  0.9060  1.0740
 22.500  2.9170  1.5410  0.9410  0.9470  1.1070
 23.750  2.9470  1.6400  0.9830  0.9990  1.1650
 25.000  2.9760  1.7180  1.0340  1.0590  1.2320
 26.250  3.0290  1.8100  1.0950  1.1320  1.3120
 27.500  3.0780  1.9190  1.1750  1.2060  1.3820
 28.750  3.1210  2.0190  1.2560  1.2810  1.4520
 30.000  3.1640  2.0830  1.3380  1.3550  1.5210
 31.250  3.2150  2.1220  1.4240  1.4310  1.5910
 32.500  3.2590  2.1590  1.5100  1.5050  1.6580
 33.750  3.3010  2.1950  1.5950  1.5780  1.7230
 35.000  3.3380  2.2320  1.6820  1.6490  1.7850
 36.250  3.3760  2.2730  1.7480  1.7090  1.8410
 37.500  3.4110  2.3210  1.7930  1.7570  1.8910
 38.750  3.4370  2.3660  1.8320  1.8000  1.9360
 40.000  3.4640  2.4070  1.8680  1.8380  1.9760
 41.250  3.4930  2.4450  1.9060  1.8750  2.0120
 42.500  3.5160  2.4800  1.9440  1.9100  2.0450
 43.750  3.5360  2.5130  1.9820  1.9450  2.0790
 45.000  3.5570  2.5460  2.0200  1.9810  2.1140
 46.250  3.5780  2.5790  2.0570  2.0170  2.1490
 47.500  3.6010  2.6120  2.0970  2.0570  2.1890
 48.750  3.6250  2.6390  2.1350  2.0950  2.2260
 50.000  3.6480  2.6590  2.1710  2.1290  2.2600
 51.250  3.6800  2.6760  2.2070  2.1670  2.3000
 52.500  3.7120  2.6910  2.2430  2.2050  2.3380
 53.750  3.7430  2.7050  2.2790  2.2420  2.3750
 55.000  3.7750  2.7200  2.3160  2.2780  2.4110
 56.250  3.8090  2.7360  2.3510  2.3120  2.4450
 57.500  3.8430  2.7530  2.3800  2.3420  2.4760
 58.750  3.8770  2.7720  2.4060  2.3710  2.5060
 60.000  3.9120  2.7910  2.4280  2.3980  2.5360
 61.250  3.9440  2.8100  2.4500  2.4240  2.5660
 62.500  3.9750  2.8280  2.4710  2.4510  2.5950
 63.750  4.0060  2.8460  2.4940  2.4780  2.6250
 65.000  4.0350  2.8640  2.5150  2.5040  2.6540
 66.250  4.0640  2.8820  2.5360  2.5300  2.6830
 67.500  4.0950  2.9010  2.5590  2.5560  2.7110
 68.750  4.1250  2.9190  2.5810  2.5780  2.7350
 70.000  4.1580  2.9390  2.6020  2.5990  2.7540
 71.250  4.1910  2.9580  2.6210  2.6160  2.7710
 72.500  4.2240  2.9770  2.6360  2.6310  2.7860
 73.750  4.2560  2.9970  2.6490  2.6450  2.8000
 75.000  4.2900  3.0180  2.6620  2.6600  2.8160
 76.250  4.3230  3.0380  2.6750  2.6740  2.8310
 77.500  4.3580  3.0590  2.6880  2.6890  2.8480
 78.750  4.3940  3.0810  2.7000  2.7050  2.8650
 80.000  4.4300  3.1030  2.7120  2.7210  2.8830
214.447  8.1730  5.3832  4.0672  4.3559  4.6685
378.939  8.1730  8.1730  5.7253  6.3561  6.8529
478.343  8.1730  8.1730  6.7273  7.5649  8.1730
528.355  8.1730  8.1730  7.2314  8.1730  8.1730
621.766  8.1730  8.1730  8.1730  8.1730  8.1730
