#1 observer-frame phase [day]
#2 Johnson U mag (Vega)
#3 Johnson B mag (Vega)
#4 Johnson V mag (Vega)
#5 Johnson R mag (Vega)
#6 Johnson I mag (Vega)
#7 HSC g mag (Vega)
#8 HSC r mag (Vega)
#9 HSC i mag (Vega)
#10 HSC z mag (Vega)
#11 HSC y mag (Vega)
#12 Johnson U mag (AB)
#13 Johnson B mag (AB)
#14 Johnson V mag (AB)
#15 Johnson R mag (AB)
#16 Johnson I mag (AB)
#17 HSC g mag (AB)
#18 HSC r mag (AB)
#19 HSC i mag (AB)
#20 HSC z mag (AB)
#21 HSC y mag (AB)
-38.25 56.635 57.045 56.450 55.883 55.189 56.835 56.051 55.339 54.894 54.663 57.347 56.928 56.455 56.081 55.629 56.737 56.193 55.724 55.411 55.209
-36.00 28.476 29.020 28.766 28.598 28.453 28.928 28.638 28.485 28.426 28.435 29.188 28.903 28.772 28.795 28.893 28.830 28.780 28.870 28.943 28.981
-33.75 28.490 29.303 29.395 29.387 29.012 29.347 29.416 29.162 28.636 28.383 29.203 29.186 29.400 29.585 29.451 29.249 29.558 29.547 29.153 28.929
-31.50 29.318 30.286 30.620 30.502 29.350 30.420 30.662 29.688 28.648 28.205 30.030 30.169 30.625 30.700 29.789 30.323 30.804 30.074 29.165 28.751
-29.25 39.615 37.093 34.899 31.584 29.195 36.233 32.727 29.674 28.344 27.835 40.327 36.976 34.905 31.782 29.635 36.135 32.869 30.060 28.861 28.381
-27.00 39.117 36.587 34.390 31.069 28.673 35.726 32.216 29.155 27.813 27.288 39.829 36.470 34.395 31.267 29.113 35.629 32.357 29.541 28.329 27.834
-24.75 38.036 35.547 33.422 30.232 27.948 34.700 31.304 28.385 27.189 26.769 38.748 35.430 33.428 30.430 28.387 34.602 31.446 28.771 27.706 27.315
-22.50 37.281 34.810 32.721 29.598 27.379 33.970 30.631 27.790 26.688 26.342 37.993 34.693 32.726 29.796 27.819 33.872 30.773 28.176 27.204 26.887
-20.25 37.145 34.927 32.394 29.068 27.037 34.017 29.883 27.438 26.312 26.051 37.857 34.810 32.399 29.266 27.477 33.920 30.025 27.824 26.829 26.597
-18.00 36.811 34.912 31.950 28.544 26.679 33.907 29.239 27.050 25.987 25.832 37.523 34.795 31.956 28.742 27.119 33.810 29.381 27.436 26.504 26.378
-15.75 36.726 35.274 31.750 28.256 26.471 34.097 28.893 26.837 25.759 25.651 37.438 35.156 31.755 28.454 26.911 33.999 29.035 27.223 26.276 26.197
-13.50 36.601 35.159 31.635 28.137 26.342 33.983 28.777 26.712 25.620 25.502 37.313 35.042 31.641 28.334 26.782 33.886 28.919 27.098 26.137 26.048
-11.25 36.403 34.986 31.478 27.989 26.204 33.815 28.625 26.570 25.490 25.384 37.115 34.869 31.483 28.186 26.644 33.717 28.766 26.956 26.007 25.930
-9.00 36.320 34.928 31.426 27.932 26.138 33.760 28.572 26.509 25.411 25.296 37.032 34.811 31.431 28.130 26.577 33.662 28.714 26.895 25.928 25.841
-6.75 34.667 32.432 30.384 27.912 26.079 31.448 28.520 26.506 25.267 25.256 35.379 32.315 30.389 28.109 26.518 31.350 28.662 26.891 25.784 25.802
-4.50 34.037 31.750 29.896 27.959 26.065 30.781 28.543 26.559 25.159 25.221 34.749 31.633 29.901 28.157 26.504 30.683 28.685 26.945 25.676 25.767
-2.25 33.580 31.288 29.523 27.991 26.051 30.328 28.542 26.608 25.074 25.218 34.292 31.171 29.528 28.188 26.491 30.230 28.684 26.993 25.590 25.763
 0.00 33.688 31.397 29.625 28.065 26.085 30.435 28.631 26.660 25.077 25.190 34.401 31.280 29.630 28.262 26.524 30.337 28.773 27.045 25.594 25.736
 2.25 33.812 31.516 29.736 28.151 26.141 30.552 28.730 26.729 25.113 25.205 34.524 31.399 29.742 28.349 26.580 30.454 28.872 27.115 25.630 25.750
 4.50 34.036 31.736 29.943 28.309 26.237 30.768 28.913 26.852 25.170 25.218 34.748 31.619 29.948 28.506 26.677 30.671 29.055 27.238 25.687 25.764
 6.75 34.260 31.951 30.141 28.457 26.335 30.978 29.086 26.970 25.241 25.264 34.972 31.833 30.146 28.654 26.775 30.881 29.227 27.356 25.758 25.809
 9.00 34.633 32.308 30.464 28.681 26.468 31.326 29.358 27.139 25.325 25.303 35.345 32.191 30.469 28.879 26.908 31.228 29.500 27.525 25.842 25.849
11.25 35.263 32.849 30.923 28.983 26.659 31.840 29.727 27.367 25.456 25.371 35.975 32.732 30.929 29.181 27.099 31.742 29.869 27.753 25.973 25.917
13.50 35.940 33.364 31.327 29.229 26.823 32.314 30.034 27.554 25.577 25.443 36.652 33.247 31.333 29.427 27.263 32.217 30.176 27.940 26.094 25.989
15.75 36.472 33.692 31.580 29.416 26.982 32.610 30.243 27.717 25.712 25.537 37.184 33.574 31.585 29.614 27.422 32.512 30.384 28.103 26.229 26.083
18.00 36.766 33.984 31.858 29.639 27.146 32.899 30.497 27.909 25.836 25.620 37.479 33.867 31.863 29.836 27.585 32.801 30.639 28.295 26.352 26.166
20.25 35.912 33.629 31.731 29.730 27.279 32.638 30.528 28.045 25.958 25.723 36.624 33.512 31.737 29.928 27.719 32.540 30.670 28.431 26.474 26.269
22.50 37.215 34.441 32.295 30.002 27.440 33.352 30.902 28.235 26.091 25.837 37.927 34.324 32.301 30.199 27.879 33.255 31.044 28.621 26.608 26.382
24.75 36.624 34.138 32.140 30.081 27.624 33.105 30.895 28.372 26.271 25.995 37.336 34.021 32.145 30.278 28.064 33.008 31.037 28.757 26.788 26.541
27.00 36.153 33.794 31.887 30.046 27.757 32.793 30.761 28.423 26.438 26.179 36.866 33.677 31.892 30.243 28.197 32.695 30.902 28.809 26.955 26.725
29.25 35.745 33.442 31.587 29.919 27.836 32.457 30.543 28.397 26.598 26.392 36.457 33.325 31.592 30.117 28.275 32.359 30.685 28.783 27.115 26.938
31.50 35.750 33.444 31.592 29.954 27.919 32.459 30.560 28.458 26.724 26.549 36.462 33.326 31.597 30.152 28.358 32.361 30.702 28.844 27.240 27.095
33.75 35.802 33.495 31.644 30.015 27.995 32.510 30.616 28.527 26.815 26.652 36.514 33.378 31.650 30.212 28.435 32.413 30.758 28.913 27.332 27.198
36.00 35.852 33.544 31.693 30.070 28.063 32.559 30.667 28.589 26.895 26.741 36.564 33.426 31.698 30.268 28.502 32.461 30.808 28.975 27.412 27.287
38.25 34.879 33.002 31.372 30.002 28.128 32.109 30.520 28.623 27.010 26.888 35.591 32.885 31.377 30.200 28.568 32.012 30.662 29.009 27.527 27.433
40.50 35.791 33.470 31.617 30.047 28.184 32.482 30.599 28.629 27.160 27.019 36.504 33.353 31.622 30.244 28.624 32.385 30.741 29.015 27.677 27.565
42.75 35.775 33.447 31.589 30.032 28.243 32.458 30.566 28.639 27.304 27.121 36.487 33.330 31.594 30.230 28.683 32.360 30.708 29.025 27.821 27.667
45.00 35.861 33.534 31.664 30.087 28.311 32.542 30.622 28.682 27.401 27.126 36.573 33.417 31.670 30.285 28.751 32.444 30.764 29.068 27.918 27.672
47.25 34.974 33.085 31.432 30.075 28.381 32.185 30.553 28.744 27.472 27.191 35.686 32.968 31.438 30.272 28.821 32.087 30.695 29.130 27.989 27.737
49.50 36.031 33.705 31.833 30.243 28.446 32.712 30.785 28.826 27.514 27.226 36.743 33.588 31.838 30.441 28.886 32.615 30.927 29.211 28.031 27.772
51.75 36.118 33.799 31.928 30.325 28.502 32.807 30.875 28.893 27.543 27.245 36.830 33.682 31.933 30.523 28.942 32.710 31.017 29.278 28.060 27.791
54.00 36.206 33.893 32.022 30.407 28.558 32.902 30.965 28.959 27.572 27.263 36.918 33.775 32.027 30.604 28.997 32.805 31.106 29.344 28.089 27.808
56.25 36.242 33.933 32.066 30.455 28.609 32.944 31.012 29.009 27.624 27.320 36.954 33.816 32.071 30.653 29.048 32.846 31.154 29.395 28.140 27.866
58.50 36.259 33.955 32.093 30.491 28.652 32.968 31.045 29.050 27.672 27.380 36.971 33.838 32.099 30.689 29.092 32.870 31.187 29.436 28.189 27.926
60.75 36.272 33.972 32.114 30.520 28.688 32.986 31.070 29.084 27.714 27.434 36.984 33.854 32.119 30.718 29.128 32.888 31.212 29.469 28.231 27.980
63.00 36.271 33.972 32.117 30.533 28.716 32.986 31.078 29.106 27.757 27.490 36.983 33.854 32.122 30.731 29.156 32.889 31.220 29.492 28.273 28.036
65.25 35.307 33.441 31.805 30.455 28.744 32.548 30.936 29.116 27.810 27.554 36.020 33.324 31.811 30.653 29.184 32.451 31.077 29.501 28.327 28.099
67.50 35.316 33.446 31.810 30.467 28.772 32.552 30.943 29.137 27.854 27.608 36.028 33.328 31.815 30.665 29.212 32.455 31.085 29.523 28.371 28.154
69.75 35.329 33.456 31.821 30.484 28.801 32.562 30.956 29.161 27.896 27.659 36.042 33.339 31.826 30.682 29.240 32.465 31.098 29.547 28.412 28.205
72.00 36.311 34.001 32.149 30.595 28.832 33.015 31.123 29.200 27.930 27.703 37.023 33.884 32.154 30.793 29.272 32.918 31.265 29.585 28.447 28.249
74.25 36.347 34.036 32.183 30.630 28.868 33.050 31.157 29.235 27.967 27.742 37.059 33.919 32.189 30.827 29.308 32.952 31.299 29.621 28.484 28.288
76.50 35.425 33.549 31.913 30.580 28.903 32.655 31.050 29.260 28.006 27.777 36.137 33.432 31.919 30.778 29.343 32.557 31.192 29.646 28.522 28.323
78.75 36.433 34.123 32.270 30.711 28.940 33.137 31.242 29.310 28.028 27.800 37.145 34.005 32.275 30.909 29.379 33.039 31.384 29.696 28.545 28.346
81.00 36.477 34.167 32.314 30.752 28.973 33.181 31.285 29.347 28.055 27.824 37.189 34.050 32.320 30.950 29.413 33.084 31.427 29.733 28.572 28.370
83.25 35.545 33.671 32.036 30.694 29.001 32.777 31.170 29.365 28.086 27.852 36.257 33.554 32.041 30.892 29.441 32.680 31.312 29.751 28.603 28.398
85.50 35.578 33.705 32.069 30.726 29.028 32.811 31.203 29.394 28.109 27.873 36.291 33.587 32.075 30.924 29.468 32.714 31.345 29.780 28.626 28.419
87.75 35.609 33.736 32.101 30.755 29.053 32.842 31.233 29.421 28.129 27.892 36.321 33.619 32.106 30.953 29.493 32.745 31.375 29.807 28.646 28.438
90.00 35.641 33.768 32.133 30.785 29.078 32.875 31.265 29.448 28.150 27.911 36.353 33.651 32.138 30.983 29.518 32.778 31.407 29.834 28.667 28.457
92.25 35.680 33.807 32.171 30.820 29.106 32.914 31.302 29.478 28.170 27.928 36.392 33.690 32.177 31.018 29.546 32.816 31.444 29.864 28.687 28.474
94.50 35.729 33.856 32.220 30.863 29.139 32.963 31.348 29.516 28.194 27.945 36.441 33.739 32.225 31.061 29.579 32.865 31.490 29.901 28.711 28.491
96.75 35.782 33.909 32.271 30.909 29.174 33.015 31.396 29.555 28.218 27.962 36.494 33.792 32.277 31.106 29.614 32.918 31.538 29.940 28.735 28.508
99.00 36.805 34.492 32.633 31.040 29.209 33.505 31.590 29.604 28.238 27.977 37.517 34.374 32.639 31.238 29.649 33.407 31.732 29.989 28.754 28.523
101.25 35.885 34.007 32.365 30.992 29.243 33.112 31.484 29.629 28.274 28.005 36.597 33.890 32.370 31.189 29.683 33.014 31.626 30.015 28.790 28.551
103.50 35.936 34.054 32.410 31.032 29.279 33.158 31.526 29.666 28.305 28.032 36.648 33.937 32.415 31.230 29.718 33.060 31.668 30.052 28.822 28.577
105.75 35.988 34.103 32.455 31.073 29.315 33.205 31.570 29.704 28.337 28.058 36.700 33.985 32.461 31.271 29.755 33.108 31.711 30.090 28.854 28.603
108.00 36.043 34.154 32.504 31.117 29.352 33.255 31.615 29.744 28.370 28.084 36.755 34.037 32.509 31.314 29.792 33.158 31.757 30.130 28.887 28.630
110.25 36.104 34.210 32.557 31.164 29.393 33.311 31.665 29.787 28.404 28.112 36.816 34.093 32.562 31.362 29.833 33.213 31.807 30.173 28.921 28.658
112.50 36.171 34.273 32.617 31.216 29.435 33.372 31.720 29.833 28.438 28.138 36.883 34.156 32.622 31.413 29.875 33.275 31.862 30.218 28.955 28.684
114.75 36.251 34.349 32.688 31.277 29.482 33.447 31.786 29.885 28.473 28.163 36.964 34.232 32.694 31.474 29.922 33.349 31.928 30.271 28.990 28.708
117.00 36.347 34.440 32.775 31.348 29.534 33.537 31.864 29.944 28.508 28.184 37.060 34.323 32.780 31.546 29.974 33.439 32.006 30.330 29.025 28.730
119.25 36.463 34.551 32.878 31.431 29.590 33.645 31.957 30.011 28.541 28.201 37.175 34.434 32.883 31.629 30.030 33.548 32.099 30.396 29.058 28.747
121.50 36.596 34.678 32.997 31.524 29.649 33.770 32.062 30.082 28.573 28.214 37.308 34.561 33.002 31.721 30.088 33.672 32.204 30.468 29.090 28.759
123.75 36.744 34.818 33.126 31.622 29.709 33.907 32.175 30.156 28.604 28.226 37.456 34.701 33.131 31.820 30.149 33.809 32.317 30.542 29.121 28.771
126.00 36.895 34.960 33.255 31.718 29.767 34.044 32.287 30.227 28.634 28.238 37.607 34.843 33.261 31.916 30.206 33.947 32.429 30.613 29.151 28.784
128.25 37.051 35.104 33.386 31.812 29.823 34.184 32.397 30.297 28.664 28.252 37.763 34.987 33.391 32.010 30.262 34.087 32.539 30.683 29.181 28.797
130.50 37.219 35.256 33.520 31.908 29.879 34.330 32.510 30.367 28.696 28.268 37.931 35.139 33.526 32.105 30.319 34.233 32.652 30.752 29.213 28.814
132.75 37.406 35.423 33.666 32.007 29.936 34.490 32.629 30.438 28.727 28.284 38.118 35.305 33.671 32.205 30.376 34.393 32.771 30.823 29.244 28.830
135.00 37.625 35.613 33.828 32.113 29.996 34.671 32.759 30.512 28.761 28.302 38.338 35.496 33.834 32.311 30.436 34.573 32.901 30.898 29.277 28.848
137.25 37.885 35.830 34.008 32.224 30.057 34.875 32.898 30.589 28.794 28.321 38.597 35.712 34.013 32.422 30.496 34.777 33.040 30.975 29.311 28.866
139.50 38.182 36.065 34.195 32.334 30.116 35.093 33.037 30.663 28.828 28.341 38.895 35.948 34.201 32.532 30.555 34.995 33.179 31.049 29.345 28.887
141.75 38.521 36.310 34.381 32.436 30.170 35.315 33.170 30.732 28.862 28.363 39.233 36.193 34.386 32.634 30.610 35.218 33.312 31.118 29.378 28.909
144.00 38.932 36.572 34.566 32.533 30.223 35.547 33.296 30.797 28.896 28.388 39.644 36.455 34.572 32.730 30.663 35.449 33.438 31.183 29.413 28.933
146.25 39.514 36.876 34.763 32.627 30.273 35.805 33.423 30.859 28.930 28.413 40.226 36.758 34.768 32.824 30.713 35.708 33.565 31.245 29.446 28.958
148.50 40.156 37.273 34.990 32.725 30.326 36.126 33.559 30.923 28.965 28.439 40.868 37.156 34.996 32.923 30.765 36.029 33.701 31.309 29.482 28.985
150.75 40.148 37.788 35.259 32.827 30.378 36.541 33.705 30.988 29.001 28.467 40.860 37.671 35.264 33.025 30.818 36.444 33.847 31.373 29.518 29.013
153.00 39.523 38.592 35.600 32.935 30.431 37.171 33.866 31.054 29.037 28.495 40.236 38.475 35.606 33.133 30.871 37.073 34.008 31.439 29.554 29.041
