#1 observer-frame phase [day]
#2 HSC g mag (AB)
#3 HSC r mag (AB)
#4 HSC i mag (AB)
#5 HSC z mag (AB)
#6 HSC y mag (AB)
-200.000  1.5130  1.5130  1.5130  1.5130  1.5130
-33.800  1.5130  1.5130  1.5130  1.5130  1.5130
-31.200  0.9930  0.7960  0.8180  0.8900  0.9380
-28.600  1.1920  1.3880  1.6460  1.5900  1.3490
-26.000  2.1230  2.5880  2.7810  2.1450  1.5200
-23.400  9.7190  7.4030  3.9110  2.1590  1.2690
-20.800  9.2150  6.8950  3.3990  1.6430  0.7440
-18.200  8.1620  5.8990  2.5160  0.8480  0.0530
-15.600  7.4190  5.1830  1.8580  0.2390 -0.4930
-13.000  7.5800  5.0570  1.2270 -0.2130 -0.7630
-10.400  7.6330  4.7620  0.6390 -0.6700 -1.0460
 -7.800  8.1490  4.7060  0.3220 -0.9280 -1.2090
 -5.200  8.0330  4.5930  0.2050 -1.0520 -1.3420
 -2.600  7.8530  4.4300  0.0540 -1.1940 -1.4760
  0.000  7.7890  4.3780  0.0000 -1.2550 -1.5480
  2.600  5.2330  2.7620  0.0080 -1.2520 -1.6380
  5.200  4.5420  2.1660  0.0920 -1.1910 -1.6900
  7.800  4.0730  1.7450  0.1620 -1.1340 -1.7330
 10.400  4.1830  1.8480  0.2440 -1.0790 -1.7120
 13.000  4.3040  1.9620  0.3370 -1.0070 -1.6650
 15.600  4.5270  2.1720  0.5070 -0.8790 -1.5860
 18.200  4.7460  2.3740  0.6670 -0.7570 -1.5010
 20.800  5.1130  2.7060  0.9150 -0.5800 -1.3910
 23.400  5.6840  3.1820  1.2500 -0.3380 -1.2260
 26.000  6.2460  3.6060  1.5240 -0.1370 -1.0800
 28.600  6.6170  3.8680  1.7210  0.0370 -0.9280
 31.200  6.9120  4.1510  1.9630  0.2370 -0.7800
 33.800  6.4380  3.9860  2.0370  0.3740 -0.6480
 36.400  7.3720  4.5950  2.3510  0.5710 -0.5020
 39.000  6.9910  4.3940  2.4010  0.7310 -0.3130
 41.600  6.6080  4.1110  2.3240  0.7990 -0.1600
 44.200  6.2370  3.7930  2.1550  0.7810 -0.0420
 46.800  6.2390  3.7970  2.1790  0.8350  0.0550
 49.400  6.2900  3.8490  2.2370  0.9020  0.1360
 52.000  6.3390  3.8980  2.2890  0.9620  0.2080
 54.600  5.6910  3.5430  2.2010  0.9890  0.2950
 57.200  6.2680  3.8210  2.2300  0.9750  0.3940
 59.800  6.2480  3.7940  2.1950  0.9680  0.4990
 62.400  6.3370  3.8720  2.2400  1.0020  0.5950
 65.000  5.7800  3.6080  2.2220  1.0640  0.6710
 67.600  6.5080  4.0420  2.4000  1.1480  0.7220
 70.200  6.6010  4.1370  2.4860  1.2180  0.7690
 72.800  6.6930  4.2310  2.5720  1.2870  0.8150
 75.400  6.7320  4.2750  2.6200  1.3370  0.8660
 78.000  6.7520  4.3010  2.6550  1.3780  0.9110
 80.600  6.7670  4.3210  2.6830  1.4110  0.9500
 83.200  6.7660  4.3230  2.6940  1.4310  0.9830
 85.800  6.1290  3.9790  2.6050  1.4390  1.0250
 88.400  6.1340  3.9830  2.6160  1.4590  1.0590
 91.000  6.1450  3.9930  2.6300  1.4810  1.0920
 93.600  6.7970  4.3540  2.7470  1.5180  1.1190
 96.200  6.8320  4.3880  2.7810  1.5540  1.1560
 98.800  6.2380  4.0860  2.7250  1.5800  1.1970
101.400  6.9190  4.4750  2.8640  1.6300  1.2230
104.000  6.9630  4.5190  2.9060  1.6670  1.2540
106.600  6.3600  4.2080  2.8420  1.6860  1.2890
109.200  6.3930  4.2420  2.8750  1.7160  1.3150
111.800  6.4240  4.2740  2.9050  1.7430  1.3380
114.400  6.4570  4.3060  2.9350  1.7710  1.3610
117.000  6.4950  4.3440  2.9710  1.8020  1.3860
119.600  6.5440  4.3930  3.0150  1.8400  1.4160
122.200  6.5970  4.4450  3.0620  1.8800  1.4470
124.800  7.2890  4.8400  3.2030  1.9300  1.4710
127.400  6.6970  4.5400  3.1470  1.9560  1.5110
130.000  6.7450  4.5850  3.1880  1.9940  1.5460
132.600  6.7950  4.6310  3.2300  2.0320  1.5800
135.200  6.8470  4.6800  3.2740  2.0730  1.6160
137.800  6.9040  4.7340  3.3230  2.1160  1.6540
140.400  6.9690  4.7940  3.3760  2.1630  1.6940
143.000  7.0460  4.8660  3.4390  2.2170  1.7360
145.600  7.1390  4.9540  3.5130  2.2780  1.7820
148.200  7.2520  5.0590  3.6010  2.3470  1.8300
150.800  7.3810  5.1790  3.6980  2.4220  1.8780
153.400  7.5240  5.3110  3.8030  2.5000  1.9280
156.000  7.6700  5.4440  3.9050  2.5750  1.9750
158.600  7.8180  5.5770  4.0060  2.6490  2.0210
161.200  7.9750  5.7150  4.1090  2.7220  2.0680
163.800  8.1490  5.8650  4.2160  2.7980  2.1140
166.400  8.3490  6.0330  4.3320  2.8770  2.1640
169.000  8.5800  6.2200  4.4540  2.9590  2.2130
171.600  8.8340  6.4170  4.5750  3.0380  2.2620
174.200  9.1060  6.6130  4.6890  3.1110  2.3080
176.800  9.4050  6.8110  4.7960  3.1800  2.3520
179.400  9.7680  7.0240  4.9020  3.2460  2.3950
182.000 10.2710  7.2760  5.0140  3.3140  2.4400
184.600 10.9170  7.5800  5.1300  3.3830  2.4850
187.200 11.8810  7.9860  5.2550  3.4540  2.5310
187.200 11.8810  7.9860  5.2550  3.4540  2.5310
187.200 11.8810  7.9860  5.2550  3.4540  2.5310
187.200 11.8810  7.9860  5.2550  3.4540  2.5310
187.200 11.8810  7.9860  5.2550  3.4540  2.5310
187.200 11.8810  7.9860  5.2550  3.4540  2.5310
