  SN1472  27.226 -15.987  0.011
 SN10367  26.973 -16.240  0.010
 SN18596  25.810 -17.403  0.009
  SN1114  25.403 -17.810  0.015
 SN15031  26.173 -17.040  0.016
 SN17244  27.568 -15.645  0.036
    SN18  24.399 -18.814  0.017
 SN18408  26.385 -16.828  0.017
 SN12820  25.861 -17.352  0.027
 SN14599  25.545 -17.668  0.020
  SN3818  26.360 -16.853  0.026
 SN16087  26.570 -16.643  0.081
 SN18700  26.510 -16.703  0.033
 SN15320  25.969 -17.244  0.020
 SN17531  26.749 -16.464  0.061
 SN18590  26.509 -16.704  0.034
 SN18734  26.629 -16.584  0.031
    SN12  25.570 -17.643  0.061
 SN18441  24.730 -18.483  0.018
 SN13355  26.083 -17.130  0.024
 SN17204  25.919 -17.294  0.053
    SN24  26.372 -16.841  0.052
 SN12782  25.689 -17.524  0.031
 SN18109  25.629 -17.584  0.022
 SN13376  26.003 -17.210  0.024
 SN17627  26.823 -16.390  0.040
 SN18297  26.127 -17.086  0.034
 SN16857  25.666 -17.547  0.025
 SN13449  25.336 -17.877  0.018
 SN16192  24.927 -18.286  0.022
 SN21064  25.487 -17.726  0.023
 SN18457  25.330 -17.883  0.025
 SN10907  25.619 -17.594  0.043
 SN12842  24.680 -18.533  0.017
 SN18713  26.260 -16.953  0.042
 SN17200  26.428 -16.785  0.080
 SN21362  25.068 -18.145  0.032
 SN17386  24.882 -18.331  0.029
   SN111  25.352 -17.861  0.030
 SN20838  25.323 -17.890  0.024
 SN18709  25.584 -17.629  0.034
 SN18709  25.584 -17.629  0.034
 SN20038  24.399 -18.814  0.037
 SN14450  25.220 -17.993  0.039
 SN18299  26.204 -17.009  0.082
 SN15339  25.000 -18.213  0.031
 SN18834  25.437 -17.776  0.045
 SN17862  25.290 -17.923  0.100
 SN18892  25.750 -17.463  0.061
  SN2366  25.589 -17.624  0.058
 SN16668  24.424 -18.789  0.023
 SN10297  24.966 -18.247  0.123
 SN12991  25.256 -17.957  0.080
 SN19222  25.705 -17.508  0.096
 SN16840  24.472 -18.741  0.055
