  SN1472  29.443 -15.987  0.011
  SN1472  29.443 -15.987  0.011
  SN1472  29.443 -15.987  0.011
  SN1472  29.443 -15.987  0.011
  SN1472  29.443 -15.987  0.011
  SN1472  29.443 -15.987  0.011
 SN10367  29.190 -16.240  0.010
 SN10367  29.190 -16.240  0.010
 SN10367  29.190 -16.240  0.010
 SN10367  29.190 -16.240  0.010
 SN18596  28.027 -17.403  0.009
  SN1114  27.620 -17.810  0.015
 SN15031  28.390 -17.040  0.016
 SN15031  28.390 -17.040  0.016
 SN17244  29.785 -15.645  0.036
 SN17244  29.785 -15.645  0.036
 SN17244  29.785 -15.645  0.036
 SN17244  29.785 -15.645  0.036
 SN17244  29.785 -15.645  0.036
 SN17244  29.785 -15.645  0.036
 SN17244  29.785 -15.645  0.036
 SN17244  29.785 -15.645  0.036
 SN17244  29.785 -15.645  0.036
 SN17244  29.785 -15.645  0.036
    SN18  26.616 -18.814  0.017
 SN18408  28.602 -16.828  0.017
 SN18408  28.602 -16.828  0.017
 SN12820  28.078 -17.352  0.027
 SN14599  27.762 -17.668  0.020
  SN3818  28.577 -16.853  0.026
  SN3818  28.577 -16.853  0.026
 SN16087  28.787 -16.643  0.081
 SN16087  28.787 -16.643  0.081
 SN16087  28.787 -16.643  0.081
 SN18700  28.727 -16.703  0.033
 SN18700  28.727 -16.703  0.033
 SN18700  28.727 -16.703  0.033
 SN15320  28.186 -17.244  0.020
 SN17531  28.966 -16.464  0.061
 SN17531  28.966 -16.464  0.061
 SN17531  28.966 -16.464  0.061
 SN18590  28.726 -16.704  0.034
 SN18590  28.726 -16.704  0.034
 SN18734  28.846 -16.584  0.031
 SN18734  28.846 -16.584  0.031
 SN18734  28.846 -16.584  0.031
    SN12  27.787 -17.643  0.061
 SN18441  26.947 -18.483  0.018
 SN13355  28.300 -17.130  0.024
 SN13355  28.300 -17.130  0.024
 SN17204  28.136 -17.294  0.053
    SN24  28.589 -16.841  0.052
    SN24  28.589 -16.841  0.052
 SN12782  27.906 -17.524  0.031
 SN18109  27.846 -17.584  0.022
 SN13376  28.220 -17.210  0.024
 SN17627  29.040 -16.390  0.040
 SN17627  29.040 -16.390  0.040
 SN17627  29.040 -16.390  0.040
 SN17627  29.040 -16.390  0.040
 SN18297  28.344 -17.086  0.034
 SN18297  28.344 -17.086  0.034
 SN16857  27.883 -17.547  0.025
 SN13449  27.553 -17.877  0.018
 SN16192  27.144 -18.286  0.022
 SN21064  27.704 -17.726  0.023
 SN18457  27.547 -17.883  0.025
 SN10907  27.836 -17.594  0.043
 SN12842  26.897 -18.533  0.017
 SN18713  28.477 -16.953  0.042
 SN18713  28.477 -16.953  0.042
 SN17200  28.645 -16.785  0.080
 SN17200  28.645 -16.785  0.080
 SN21362  27.285 -18.145  0.032
 SN17386  27.099 -18.331  0.029
   SN111  27.569 -17.861  0.030
 SN20838  27.540 -17.890  0.024
 SN18709  27.801 -17.629  0.034
 SN18709  27.801 -17.629  0.034
 SN20038  26.616 -18.814  0.037
 SN14450  27.437 -17.993  0.039
 SN18299  28.421 -17.009  0.082
 SN15339  27.217 -18.213  0.031
 SN18834  27.654 -17.776  0.045
 SN17862  27.507 -17.923  0.100
 SN18892  27.967 -17.463  0.061
  SN2366  27.806 -17.624  0.058
 SN16668  26.641 -18.789  0.023
 SN10297  27.183 -18.247  0.123
 SN12991  27.473 -17.957  0.080
 SN19222  27.922 -17.508  0.096
 SN16840  26.689 -18.741  0.055
