  SN1472  27.643 -15.987  0.011
 SN10367  27.390 -16.240  0.010
 SN18596  26.227 -17.403  0.009
  SN1114  25.820 -17.810  0.015
 SN15031  26.590 -17.040  0.016
 SN17244  27.985 -15.645  0.036
    SN18  24.816 -18.814  0.017
 SN18408  26.802 -16.828  0.017
 SN12820  26.278 -17.352  0.027
 SN14599  25.962 -17.668  0.020
  SN3818  26.777 -16.853  0.026
 SN16087  26.987 -16.643  0.081
 SN18700  26.927 -16.703  0.033
 SN15320  26.386 -17.244  0.020
 SN17531  27.166 -16.464  0.061
 SN18590  26.926 -16.704  0.034
 SN18734  27.046 -16.584  0.031
    SN12  25.987 -17.643  0.061
 SN18441  25.147 -18.483  0.018
 SN13355  26.500 -17.130  0.024
 SN17204  26.336 -17.294  0.053
    SN24  26.789 -16.841  0.052
 SN12782  26.106 -17.524  0.031
 SN18109  26.046 -17.584  0.022
 SN13376  26.420 -17.210  0.024
 SN17627  27.240 -16.390  0.040
 SN18297  26.544 -17.086  0.034
 SN16857  26.083 -17.547  0.025
 SN13449  25.753 -17.877  0.018
 SN16192  25.344 -18.286  0.022
 SN21064  25.904 -17.726  0.023
 SN18457  25.747 -17.883  0.025
 SN10907  26.036 -17.594  0.043
 SN12842  25.097 -18.533  0.017
 SN18713  26.677 -16.953  0.042
 SN17200  26.845 -16.785  0.080
 SN21362  25.485 -18.145  0.032
 SN17386  25.299 -18.331  0.029
   SN111  25.769 -17.861  0.030
 SN20838  25.740 -17.890  0.024
 SN18709  26.001 -17.629  0.034
 SN18709  26.001 -17.629  0.034
 SN20038  24.816 -18.814  0.037
 SN14450  25.637 -17.993  0.039
 SN18299  26.621 -17.009  0.082
 SN15339  25.417 -18.213  0.031
 SN18834  25.854 -17.776  0.045
 SN17862  25.707 -17.923  0.100
 SN18892  26.167 -17.463  0.061
  SN2366  26.006 -17.624  0.058
 SN16668  24.841 -18.789  0.023
 SN10297  25.383 -18.247  0.123
 SN12991  25.673 -17.957  0.080
 SN19222  26.122 -17.508  0.096
 SN16840  24.889 -18.741  0.055
