  SN1472  24.738 -15.987  0.011
 SN10367  24.485 -16.240  0.010
 SN18596  23.322 -17.403  0.009
  SN1114  22.915 -17.810  0.015
 SN15031  23.685 -17.040  0.016
 SN17244  25.080 -15.645  0.036
    SN18  21.911 -18.814  0.017
 SN18408  23.897 -16.828  0.017
 SN12820  23.373 -17.352  0.027
 SN14599  23.057 -17.668  0.020
  SN3818  23.872 -16.853  0.026
 SN16087  24.082 -16.643  0.081
 SN18700  24.022 -16.703  0.033
 SN15320  23.481 -17.244  0.020
 SN17531  24.261 -16.464  0.061
 SN18590  24.021 -16.704  0.034
 SN18734  24.141 -16.584  0.031
    SN12  23.082 -17.643  0.061
 SN18441  22.242 -18.483  0.018
 SN13355  23.595 -17.130  0.024
 SN17204  23.431 -17.294  0.053
    SN24  23.884 -16.841  0.052
 SN12782  23.201 -17.524  0.031
 SN18109  23.141 -17.584  0.022
 SN13376  23.515 -17.210  0.024
 SN17627  24.335 -16.390  0.040
 SN18297  23.639 -17.086  0.034
 SN16857  23.178 -17.547  0.025
 SN13449  22.848 -17.877  0.018
 SN16192  22.439 -18.286  0.022
 SN21064  22.999 -17.726  0.023
 SN18457  22.842 -17.883  0.025
 SN10907  23.131 -17.594  0.043
 SN12842  22.192 -18.533  0.017
 SN18713  23.772 -16.953  0.042
 SN17200  23.940 -16.785  0.080
 SN21362  22.580 -18.145  0.032
 SN17386  22.394 -18.331  0.029
   SN111  22.864 -17.861  0.030
 SN20838  22.835 -17.890  0.024
 SN18709  23.096 -17.629  0.034
 SN18709  23.096 -17.629  0.034
 SN20038  21.911 -18.814  0.037
 SN14450  22.732 -17.993  0.039
 SN18299  23.716 -17.009  0.082
 SN15339  22.512 -18.213  0.031
 SN18834  22.949 -17.776  0.045
 SN17862  22.802 -17.923  0.100
 SN18892  23.262 -17.463  0.061
  SN2366  23.101 -17.624  0.058
 SN16668  21.936 -18.789  0.023
 SN10297  22.478 -18.247  0.123
 SN12991  22.768 -17.957  0.080
 SN19222  23.217 -17.508  0.096
 SN16840  21.984 -18.741  0.055
