  SN1472  24.215 -15.987  0.011
  SN1472  24.215 -15.987  0.011
  SN1472  24.215 -15.987  0.011
  SN1472  24.215 -15.987  0.011
  SN1472  24.215 -15.987  0.011
  SN1472  24.215 -15.987  0.011
 SN10367  23.962 -16.240  0.010
 SN10367  23.962 -16.240  0.010
 SN10367  23.962 -16.240  0.010
 SN10367  23.962 -16.240  0.010
 SN18596  22.799 -17.403  0.009
  SN1114  22.392 -17.810  0.015
 SN15031  23.162 -17.040  0.016
 SN15031  23.162 -17.040  0.016
 SN17244  24.557 -15.645  0.036
 SN17244  24.557 -15.645  0.036
 SN17244  24.557 -15.645  0.036
 SN17244  24.557 -15.645  0.036
 SN17244  24.557 -15.645  0.036
 SN17244  24.557 -15.645  0.036
 SN17244  24.557 -15.645  0.036
 SN17244  24.557 -15.645  0.036
 SN17244  24.557 -15.645  0.036
 SN17244  24.557 -15.645  0.036
    SN18  21.388 -18.814  0.017
 SN18408  23.374 -16.828  0.017
 SN18408  23.374 -16.828  0.017
 SN12820  22.850 -17.352  0.027
 SN14599  22.534 -17.668  0.020
  SN3818  23.349 -16.853  0.026
  SN3818  23.349 -16.853  0.026
 SN16087  23.559 -16.643  0.081
 SN16087  23.559 -16.643  0.081
 SN16087  23.559 -16.643  0.081
 SN18700  23.499 -16.703  0.033
 SN18700  23.499 -16.703  0.033
 SN18700  23.499 -16.703  0.033
 SN15320  22.958 -17.244  0.020
 SN17531  23.738 -16.464  0.061
 SN17531  23.738 -16.464  0.061
 SN17531  23.738 -16.464  0.061
 SN18590  23.498 -16.704  0.034
 SN18590  23.498 -16.704  0.034
 SN18734  23.618 -16.584  0.031
 SN18734  23.618 -16.584  0.031
 SN18734  23.618 -16.584  0.031
    SN12  22.559 -17.643  0.061
 SN18441  21.719 -18.483  0.018
 SN13355  23.072 -17.130  0.024
 SN13355  23.072 -17.130  0.024
 SN17204  22.908 -17.294  0.053
    SN24  23.361 -16.841  0.052
    SN24  23.361 -16.841  0.052
 SN12782  22.678 -17.524  0.031
 SN18109  22.618 -17.584  0.022
 SN13376  22.992 -17.210  0.024
 SN17627  23.812 -16.390  0.040
 SN17627  23.812 -16.390  0.040
 SN17627  23.812 -16.390  0.040
 SN17627  23.812 -16.390  0.040
 SN18297  23.116 -17.086  0.034
 SN18297  23.116 -17.086  0.034
 SN16857  22.655 -17.547  0.025
 SN13449  22.325 -17.877  0.018
 SN16192  21.916 -18.286  0.022
 SN21064  22.476 -17.726  0.023
 SN18457  22.319 -17.883  0.025
 SN10907  22.608 -17.594  0.043
 SN12842  21.669 -18.533  0.017
 SN18713  23.249 -16.953  0.042
 SN18713  23.249 -16.953  0.042
 SN17200  23.417 -16.785  0.080
 SN17200  23.417 -16.785  0.080
 SN21362  22.057 -18.145  0.032
 SN17386  21.871 -18.331  0.029
   SN111  22.341 -17.861  0.030
 SN20838  22.312 -17.890  0.024
 SN18709  22.573 -17.629  0.034
 SN18709  22.573 -17.629  0.034
 SN20038  21.388 -18.814  0.037
 SN14450  22.209 -17.993  0.039
 SN18299  23.193 -17.009  0.082
 SN15339  21.989 -18.213  0.031
 SN18834  22.426 -17.776  0.045
 SN17862  22.279 -17.923  0.100
 SN18892  22.739 -17.463  0.061
  SN2366  22.578 -17.624  0.058
 SN16668  21.413 -18.789  0.023
 SN10297  21.955 -18.247  0.123
 SN12991  22.245 -17.957  0.080
 SN19222  22.694 -17.508  0.096
 SN16840  21.461 -18.741  0.055
