  SN1472  31.260 -15.987  0.011
  SN1472  31.260 -15.987  0.011
  SN1472  31.260 -15.987  0.011
  SN1472  31.260 -15.987  0.011
 SN10367  31.007 -16.240  0.010
 SN10367  31.007 -16.240  0.010
 SN10367  31.007 -16.240  0.010
 SN18596  29.844 -17.403  0.009
  SN1114  29.437 -17.810  0.015
 SN15031  30.207 -17.040  0.016
 SN17244  31.602 -15.645  0.036
 SN17244  31.602 -15.645  0.036
 SN17244  31.602 -15.645  0.036
 SN17244  31.602 -15.645  0.036
 SN17244  31.602 -15.645  0.036
 SN17244  31.602 -15.645  0.036
    SN18  28.433 -18.814  0.017
 SN18408  30.419 -16.828  0.017
 SN12820  29.895 -17.352  0.027
 SN14599  29.579 -17.668  0.020
  SN3818  30.394 -16.853  0.026
 SN16087  30.604 -16.643  0.081
 SN18700  30.544 -16.703  0.033
 SN15320  30.003 -17.244  0.020
 SN17531  30.783 -16.464  0.061
 SN17531  30.783 -16.464  0.061
 SN18590  30.543 -16.704  0.034
 SN18590  30.543 -16.704  0.034
 SN18734  30.663 -16.584  0.031
 SN18734  30.663 -16.584  0.031
    SN12  29.604 -17.643  0.061
 SN18441  28.764 -18.483  0.018
 SN13355  30.117 -17.130  0.024
 SN17204  29.953 -17.294  0.053
    SN24  30.406 -16.841  0.052
 SN12782  29.723 -17.524  0.031
 SN18109  29.663 -17.584  0.022
 SN13376  30.037 -17.210  0.024
 SN17627  30.857 -16.390  0.040
 SN17627  30.857 -16.390  0.040
 SN18297  30.161 -17.086  0.034
 SN16857  29.700 -17.547  0.025
 SN13449  29.370 -17.877  0.018
 SN16192  28.961 -18.286  0.022
 SN21064  29.521 -17.726  0.023
 SN18457  29.364 -17.883  0.025
 SN10907  29.653 -17.594  0.043
 SN12842  28.714 -18.533  0.017
 SN18713  30.294 -16.953  0.042
 SN17200  30.462 -16.785  0.080
 SN17200  30.462 -16.785  0.080
 SN21362  29.102 -18.145  0.032
 SN17386  28.916 -18.331  0.029
   SN111  29.386 -17.861  0.030
 SN20838  29.357 -17.890  0.024
 SN18709  29.618 -17.629  0.034
 SN18709  29.618 -17.629  0.034
 SN20038  28.433 -18.814  0.037
 SN14450  29.254 -17.993  0.039
 SN18299  30.238 -17.009  0.082
 SN15339  29.034 -18.213  0.031
 SN18834  29.471 -17.776  0.045
 SN17862  29.324 -17.923  0.100
 SN18892  29.784 -17.463  0.061
  SN2366  29.623 -17.624  0.058
 SN16668  28.458 -18.789  0.023
 SN10297  29.000 -18.247  0.123
 SN12991  29.290 -17.957  0.080
 SN19222  29.739 -17.508  0.096
 SN16840  28.506 -18.741  0.055
