  SN1472  30.381 -15.987  0.011
  SN1472  30.381 -15.987  0.011
  SN1472  30.381 -15.987  0.011
  SN1472  30.381 -15.987  0.011
 SN10367  30.128 -16.240  0.010
 SN10367  30.128 -16.240  0.010
 SN10367  30.128 -16.240  0.010
 SN18596  28.965 -17.403  0.009
  SN1114  28.558 -17.810  0.015
 SN15031  29.328 -17.040  0.016
 SN17244  30.723 -15.645  0.036
 SN17244  30.723 -15.645  0.036
 SN17244  30.723 -15.645  0.036
 SN17244  30.723 -15.645  0.036
 SN17244  30.723 -15.645  0.036
 SN17244  30.723 -15.645  0.036
    SN18  27.554 -18.814  0.017
 SN18408  29.540 -16.828  0.017
 SN12820  29.016 -17.352  0.027
 SN14599  28.700 -17.668  0.020
  SN3818  29.515 -16.853  0.026
 SN16087  29.725 -16.643  0.081
 SN18700  29.665 -16.703  0.033
 SN15320  29.124 -17.244  0.020
 SN17531  29.904 -16.464  0.061
 SN17531  29.904 -16.464  0.061
 SN18590  29.664 -16.704  0.034
 SN18590  29.664 -16.704  0.034
 SN18734  29.784 -16.584  0.031
 SN18734  29.784 -16.584  0.031
    SN12  28.725 -17.643  0.061
 SN18441  27.885 -18.483  0.018
 SN13355  29.238 -17.130  0.024
 SN17204  29.074 -17.294  0.053
    SN24  29.527 -16.841  0.052
 SN12782  28.844 -17.524  0.031
 SN18109  28.784 -17.584  0.022
 SN13376  29.158 -17.210  0.024
 SN17627  29.978 -16.390  0.040
 SN17627  29.978 -16.390  0.040
 SN18297  29.282 -17.086  0.034
 SN16857  28.821 -17.547  0.025
 SN13449  28.491 -17.877  0.018
 SN16192  28.082 -18.286  0.022
 SN21064  28.642 -17.726  0.023
 SN18457  28.485 -17.883  0.025
 SN10907  28.774 -17.594  0.043
 SN12842  27.835 -18.533  0.017
 SN18713  29.415 -16.953  0.042
 SN17200  29.583 -16.785  0.080
 SN17200  29.583 -16.785  0.080
 SN21362  28.223 -18.145  0.032
 SN17386  28.037 -18.331  0.029
   SN111  28.507 -17.861  0.030
 SN20838  28.478 -17.890  0.024
 SN18709  28.739 -17.629  0.034
 SN18709  28.739 -17.629  0.034
 SN20038  27.554 -18.814  0.037
 SN14450  28.375 -17.993  0.039
 SN18299  29.359 -17.009  0.082
 SN15339  28.155 -18.213  0.031
 SN18834  28.592 -17.776  0.045
 SN17862  28.445 -17.923  0.100
 SN18892  28.905 -17.463  0.061
  SN2366  28.744 -17.624  0.058
 SN16668  27.579 -18.789  0.023
 SN10297  28.121 -18.247  0.123
 SN12991  28.411 -17.957  0.080
 SN19222  28.860 -17.508  0.096
 SN16840  27.627 -18.741  0.055
