  SN1472  32.212 -15.987  0.011
  SN1472  32.212 -15.987  0.011
  SN1472  32.212 -15.987  0.011
  SN1472  32.212 -15.987  0.011
  SN1472  32.212 -15.987  0.011
  SN1472  32.212 -15.987  0.011
 SN10367  31.959 -16.240  0.010
 SN10367  31.959 -16.240  0.010
 SN10367  31.959 -16.240  0.010
 SN10367  31.959 -16.240  0.010
 SN18596  30.796 -17.403  0.009
  SN1114  30.389 -17.810  0.015
 SN15031  31.159 -17.040  0.016
 SN15031  31.159 -17.040  0.016
 SN17244  32.554 -15.645  0.036
 SN17244  32.554 -15.645  0.036
 SN17244  32.554 -15.645  0.036
 SN17244  32.554 -15.645  0.036
 SN17244  32.554 -15.645  0.036
 SN17244  32.554 -15.645  0.036
 SN17244  32.554 -15.645  0.036
 SN17244  32.554 -15.645  0.036
 SN17244  32.554 -15.645  0.036
 SN17244  32.554 -15.645  0.036
    SN18  29.385 -18.814  0.017
 SN18408  31.371 -16.828  0.017
 SN18408  31.371 -16.828  0.017
 SN12820  30.847 -17.352  0.027
 SN14599  30.531 -17.668  0.020
  SN3818  31.346 -16.853  0.026
  SN3818  31.346 -16.853  0.026
 SN16087  31.556 -16.643  0.081
 SN16087  31.556 -16.643  0.081
 SN16087  31.556 -16.643  0.081
 SN18700  31.496 -16.703  0.033
 SN18700  31.496 -16.703  0.033
 SN18700  31.496 -16.703  0.033
 SN15320  30.955 -17.244  0.020
 SN17531  31.735 -16.464  0.061
 SN17531  31.735 -16.464  0.061
 SN17531  31.735 -16.464  0.061
 SN18590  31.495 -16.704  0.034
 SN18590  31.495 -16.704  0.034
 SN18734  31.615 -16.584  0.031
 SN18734  31.615 -16.584  0.031
 SN18734  31.615 -16.584  0.031
    SN12  30.556 -17.643  0.061
 SN18441  29.716 -18.483  0.018
 SN13355  31.069 -17.130  0.024
 SN13355  31.069 -17.130  0.024
 SN17204  30.905 -17.294  0.053
    SN24  31.358 -16.841  0.052
    SN24  31.358 -16.841  0.052
 SN12782  30.675 -17.524  0.031
 SN18109  30.615 -17.584  0.022
 SN13376  30.989 -17.210  0.024
 SN17627  31.809 -16.390  0.040
 SN17627  31.809 -16.390  0.040
 SN17627  31.809 -16.390  0.040
 SN17627  31.809 -16.390  0.040
 SN18297  31.113 -17.086  0.034
 SN18297  31.113 -17.086  0.034
 SN16857  30.652 -17.547  0.025
 SN13449  30.322 -17.877  0.018
 SN16192  29.913 -18.286  0.022
 SN21064  30.473 -17.726  0.023
 SN18457  30.316 -17.883  0.025
 SN10907  30.605 -17.594  0.043
 SN12842  29.666 -18.533  0.017
 SN18713  31.246 -16.953  0.042
 SN18713  31.246 -16.953  0.042
 SN17200  31.414 -16.785  0.080
 SN17200  31.414 -16.785  0.080
 SN21362  30.054 -18.145  0.032
 SN17386  29.868 -18.331  0.029
   SN111  30.338 -17.861  0.030
 SN20838  30.309 -17.890  0.024
 SN18709  30.570 -17.629  0.034
 SN18709  30.570 -17.629  0.034
 SN20038  29.385 -18.814  0.037
 SN14450  30.206 -17.993  0.039
 SN18299  31.190 -17.009  0.082
 SN15339  29.986 -18.213  0.031
 SN18834  30.423 -17.776  0.045
 SN17862  30.276 -17.923  0.100
 SN18892  30.736 -17.463  0.061
  SN2366  30.575 -17.624  0.058
 SN16668  29.410 -18.789  0.023
 SN10297  29.952 -18.247  0.123
 SN12991  30.242 -17.957  0.080
 SN19222  30.691 -17.508  0.096
 SN16840  29.458 -18.741  0.055
