  SN1472  26.651 -15.987  0.011
  SN1472  26.651 -15.987  0.011
  SN1472  26.651 -15.987  0.011
  SN1472  26.651 -15.987  0.011
 SN10367  26.398 -16.240  0.010
 SN10367  26.398 -16.240  0.010
 SN10367  26.398 -16.240  0.010
 SN18596  25.235 -17.403  0.009
  SN1114  24.828 -17.810  0.015
 SN15031  25.598 -17.040  0.016
 SN17244  26.993 -15.645  0.036
 SN17244  26.993 -15.645  0.036
 SN17244  26.993 -15.645  0.036
 SN17244  26.993 -15.645  0.036
 SN17244  26.993 -15.645  0.036
 SN17244  26.993 -15.645  0.036
    SN18  23.824 -18.814  0.017
 SN18408  25.810 -16.828  0.017
 SN12820  25.286 -17.352  0.027
 SN14599  24.970 -17.668  0.020
  SN3818  25.785 -16.853  0.026
 SN16087  25.995 -16.643  0.081
 SN18700  25.935 -16.703  0.033
 SN15320  25.394 -17.244  0.020
 SN17531  26.174 -16.464  0.061
 SN17531  26.174 -16.464  0.061
 SN18590  25.934 -16.704  0.034
 SN18590  25.934 -16.704  0.034
 SN18734  26.054 -16.584  0.031
 SN18734  26.054 -16.584  0.031
    SN12  24.995 -17.643  0.061
 SN18441  24.155 -18.483  0.018
 SN13355  25.508 -17.130  0.024
 SN17204  25.344 -17.294  0.053
    SN24  25.797 -16.841  0.052
 SN12782  25.114 -17.524  0.031
 SN18109  25.054 -17.584  0.022
 SN13376  25.428 -17.210  0.024
 SN17627  26.248 -16.390  0.040
 SN17627  26.248 -16.390  0.040
 SN18297  25.552 -17.086  0.034
 SN16857  25.091 -17.547  0.025
 SN13449  24.761 -17.877  0.018
 SN16192  24.352 -18.286  0.022
 SN21064  24.912 -17.726  0.023
 SN18457  24.755 -17.883  0.025
 SN10907  25.044 -17.594  0.043
 SN12842  24.105 -18.533  0.017
 SN18713  25.685 -16.953  0.042
 SN17200  25.853 -16.785  0.080
 SN17200  25.853 -16.785  0.080
 SN21362  24.493 -18.145  0.032
 SN17386  24.307 -18.331  0.029
   SN111  24.777 -17.861  0.030
 SN20838  24.748 -17.890  0.024
 SN18709  25.009 -17.629  0.034
 SN18709  25.009 -17.629  0.034
 SN20038  23.824 -18.814  0.037
 SN14450  24.645 -17.993  0.039
 SN18299  25.629 -17.009  0.082
 SN15339  24.425 -18.213  0.031
 SN18834  24.862 -17.776  0.045
 SN17862  24.715 -17.923  0.100
 SN18892  25.175 -17.463  0.061
  SN2366  25.014 -17.624  0.058
 SN16668  23.849 -18.789  0.023
 SN10297  24.391 -18.247  0.123
 SN12991  24.681 -17.957  0.080
 SN19222  25.130 -17.508  0.096
 SN16840  23.897 -18.741  0.055
