  SN1472  30.171 -15.987  0.011
 SN10367  29.918 -16.240  0.010
 SN18596  28.755 -17.403  0.009
  SN1114  28.348 -17.810  0.015
 SN15031  29.118 -17.040  0.016
 SN17244  30.513 -15.645  0.036
    SN18  27.344 -18.814  0.017
 SN18408  29.330 -16.828  0.017
 SN12820  28.806 -17.352  0.027
 SN14599  28.490 -17.668  0.020
  SN3818  29.305 -16.853  0.026
 SN16087  29.515 -16.643  0.081
 SN18700  29.455 -16.703  0.033
 SN15320  28.914 -17.244  0.020
 SN17531  29.694 -16.464  0.061
 SN18590  29.454 -16.704  0.034
 SN18734  29.574 -16.584  0.031
    SN12  28.515 -17.643  0.061
 SN18441  27.675 -18.483  0.018
 SN13355  29.028 -17.130  0.024
 SN17204  28.864 -17.294  0.053
    SN24  29.317 -16.841  0.052
 SN12782  28.634 -17.524  0.031
 SN18109  28.574 -17.584  0.022
 SN13376  28.948 -17.210  0.024
 SN17627  29.768 -16.390  0.040
 SN18297  29.072 -17.086  0.034
 SN16857  28.611 -17.547  0.025
 SN13449  28.281 -17.877  0.018
 SN16192  27.872 -18.286  0.022
 SN21064  28.432 -17.726  0.023
 SN18457  28.275 -17.883  0.025
 SN10907  28.564 -17.594  0.043
 SN12842  27.625 -18.533  0.017
 SN18713  29.205 -16.953  0.042
 SN17200  29.373 -16.785  0.080
 SN21362  28.013 -18.145  0.032
 SN17386  27.827 -18.331  0.029
   SN111  28.297 -17.861  0.030
 SN20838  28.268 -17.890  0.024
 SN18709  28.529 -17.629  0.034
 SN18709  28.529 -17.629  0.034
 SN20038  27.344 -18.814  0.037
 SN14450  28.165 -17.993  0.039
 SN18299  29.149 -17.009  0.082
 SN15339  27.945 -18.213  0.031
 SN18834  28.382 -17.776  0.045
 SN17862  28.235 -17.923  0.100
 SN18892  28.695 -17.463  0.061
  SN2366  28.534 -17.624  0.058
 SN16668  27.369 -18.789  0.023
 SN10297  27.911 -18.247  0.123
 SN12991  28.201 -17.957  0.080
 SN19222  28.650 -17.508  0.096
 SN16840  27.417 -18.741  0.055
