  SN1472  25.102 -15.987  0.011
  SN1472  25.102 -15.987  0.011
  SN1472  25.102 -15.987  0.011
  SN1472  25.102 -15.987  0.011
  SN1472  25.102 -15.987  0.011
  SN1472  25.102 -15.987  0.011
 SN10367  24.849 -16.240  0.010
 SN10367  24.849 -16.240  0.010
 SN10367  24.849 -16.240  0.010
 SN10367  24.849 -16.240  0.010
 SN18596  23.686 -17.403  0.009
  SN1114  23.279 -17.810  0.015
 SN15031  24.049 -17.040  0.016
 SN15031  24.049 -17.040  0.016
 SN17244  25.444 -15.645  0.036
 SN17244  25.444 -15.645  0.036
 SN17244  25.444 -15.645  0.036
 SN17244  25.444 -15.645  0.036
 SN17244  25.444 -15.645  0.036
 SN17244  25.444 -15.645  0.036
 SN17244  25.444 -15.645  0.036
 SN17244  25.444 -15.645  0.036
 SN17244  25.444 -15.645  0.036
 SN17244  25.444 -15.645  0.036
    SN18  22.275 -18.814  0.017
 SN18408  24.261 -16.828  0.017
 SN18408  24.261 -16.828  0.017
 SN12820  23.737 -17.352  0.027
 SN14599  23.421 -17.668  0.020
  SN3818  24.236 -16.853  0.026
  SN3818  24.236 -16.853  0.026
 SN16087  24.446 -16.643  0.081
 SN16087  24.446 -16.643  0.081
 SN16087  24.446 -16.643  0.081
 SN18700  24.386 -16.703  0.033
 SN18700  24.386 -16.703  0.033
 SN18700  24.386 -16.703  0.033
 SN15320  23.845 -17.244  0.020
 SN17531  24.625 -16.464  0.061
 SN17531  24.625 -16.464  0.061
 SN17531  24.625 -16.464  0.061
 SN18590  24.385 -16.704  0.034
 SN18590  24.385 -16.704  0.034
 SN18734  24.505 -16.584  0.031
 SN18734  24.505 -16.584  0.031
 SN18734  24.505 -16.584  0.031
    SN12  23.446 -17.643  0.061
 SN18441  22.606 -18.483  0.018
 SN13355  23.959 -17.130  0.024
 SN13355  23.959 -17.130  0.024
 SN17204  23.795 -17.294  0.053
    SN24  24.248 -16.841  0.052
    SN24  24.248 -16.841  0.052
 SN12782  23.565 -17.524  0.031
 SN18109  23.505 -17.584  0.022
 SN13376  23.879 -17.210  0.024
 SN17627  24.699 -16.390  0.040
 SN17627  24.699 -16.390  0.040
 SN17627  24.699 -16.390  0.040
 SN17627  24.699 -16.390  0.040
 SN18297  24.003 -17.086  0.034
 SN18297  24.003 -17.086  0.034
 SN16857  23.542 -17.547  0.025
 SN13449  23.212 -17.877  0.018
 SN16192  22.803 -18.286  0.022
 SN21064  23.363 -17.726  0.023
 SN18457  23.206 -17.883  0.025
 SN10907  23.495 -17.594  0.043
 SN12842  22.556 -18.533  0.017
 SN18713  24.136 -16.953  0.042
 SN18713  24.136 -16.953  0.042
 SN17200  24.304 -16.785  0.080
 SN17200  24.304 -16.785  0.080
 SN21362  22.944 -18.145  0.032
 SN17386  22.758 -18.331  0.029
   SN111  23.228 -17.861  0.030
 SN20838  23.199 -17.890  0.024
 SN18709  23.460 -17.629  0.034
 SN18709  23.460 -17.629  0.034
 SN20038  22.275 -18.814  0.037
 SN14450  23.096 -17.993  0.039
 SN18299  24.080 -17.009  0.082
 SN15339  22.876 -18.213  0.031
 SN18834  23.313 -17.776  0.045
 SN17862  23.166 -17.923  0.100
 SN18892  23.626 -17.463  0.061
  SN2366  23.465 -17.624  0.058
 SN16668  22.300 -18.789  0.023
 SN10297  22.842 -18.247  0.123
 SN12991  23.132 -17.957  0.080
 SN19222  23.581 -17.508  0.096
 SN16840  22.348 -18.741  0.055
