  SN1472  29.596 -15.987  0.011
 SN10367  29.343 -16.240  0.010
 SN18596  28.180 -17.403  0.009
  SN1114  27.773 -17.810  0.015
 SN15031  28.543 -17.040  0.016
 SN17244  29.938 -15.645  0.036
    SN18  26.769 -18.814  0.017
 SN18408  28.755 -16.828  0.017
 SN12820  28.231 -17.352  0.027
 SN14599  27.915 -17.668  0.020
  SN3818  28.730 -16.853  0.026
 SN16087  28.940 -16.643  0.081
 SN18700  28.880 -16.703  0.033
 SN15320  28.339 -17.244  0.020
 SN17531  29.119 -16.464  0.061
 SN18590  28.879 -16.704  0.034
 SN18734  28.999 -16.584  0.031
    SN12  27.940 -17.643  0.061
 SN18441  27.100 -18.483  0.018
 SN13355  28.453 -17.130  0.024
 SN17204  28.289 -17.294  0.053
    SN24  28.742 -16.841  0.052
 SN12782  28.059 -17.524  0.031
 SN18109  27.999 -17.584  0.022
 SN13376  28.373 -17.210  0.024
 SN17627  29.193 -16.390  0.040
 SN18297  28.497 -17.086  0.034
 SN16857  28.036 -17.547  0.025
 SN13449  27.706 -17.877  0.018
 SN16192  27.297 -18.286  0.022
 SN21064  27.857 -17.726  0.023
 SN18457  27.700 -17.883  0.025
 SN10907  27.989 -17.594  0.043
 SN12842  27.050 -18.533  0.017
 SN18713  28.630 -16.953  0.042
 SN17200  28.798 -16.785  0.080
 SN21362  27.438 -18.145  0.032
 SN17386  27.252 -18.331  0.029
   SN111  27.722 -17.861  0.030
 SN20838  27.693 -17.890  0.024
 SN18709  27.954 -17.629  0.034
 SN18709  27.954 -17.629  0.034
 SN20038  26.769 -18.814  0.037
 SN14450  27.590 -17.993  0.039
 SN18299  28.574 -17.009  0.082
 SN15339  27.370 -18.213  0.031
 SN18834  27.807 -17.776  0.045
 SN17862  27.660 -17.923  0.100
 SN18892  28.120 -17.463  0.061
  SN2366  27.959 -17.624  0.058
 SN16668  26.794 -18.789  0.023
 SN10297  27.336 -18.247  0.123
 SN12991  27.626 -17.957  0.080
 SN19222  28.075 -17.508  0.096
 SN16840  26.842 -18.741  0.055
