  SN1472  26.000 -15.987  0.011
  SN1472  26.000 -15.987  0.011
  SN1472  26.000 -15.987  0.011
  SN1472  26.000 -15.987  0.011
  SN1472  26.000 -15.987  0.011
  SN1472  26.000 -15.987  0.011
 SN10367  25.747 -16.240  0.010
 SN10367  25.747 -16.240  0.010
 SN10367  25.747 -16.240  0.010
 SN10367  25.747 -16.240  0.010
 SN18596  24.584 -17.403  0.009
  SN1114  24.177 -17.810  0.015
 SN15031  24.947 -17.040  0.016
 SN15031  24.947 -17.040  0.016
 SN17244  26.342 -15.645  0.036
 SN17244  26.342 -15.645  0.036
 SN17244  26.342 -15.645  0.036
 SN17244  26.342 -15.645  0.036
 SN17244  26.342 -15.645  0.036
 SN17244  26.342 -15.645  0.036
 SN17244  26.342 -15.645  0.036
 SN17244  26.342 -15.645  0.036
 SN17244  26.342 -15.645  0.036
 SN17244  26.342 -15.645  0.036
    SN18  23.173 -18.814  0.017
 SN18408  25.159 -16.828  0.017
 SN18408  25.159 -16.828  0.017
 SN12820  24.635 -17.352  0.027
 SN14599  24.319 -17.668  0.020
  SN3818  25.134 -16.853  0.026
  SN3818  25.134 -16.853  0.026
 SN16087  25.344 -16.643  0.081
 SN16087  25.344 -16.643  0.081
 SN16087  25.344 -16.643  0.081
 SN18700  25.284 -16.703  0.033
 SN18700  25.284 -16.703  0.033
 SN18700  25.284 -16.703  0.033
 SN15320  24.743 -17.244  0.020
 SN17531  25.523 -16.464  0.061
 SN17531  25.523 -16.464  0.061
 SN17531  25.523 -16.464  0.061
 SN18590  25.283 -16.704  0.034
 SN18590  25.283 -16.704  0.034
 SN18734  25.403 -16.584  0.031
 SN18734  25.403 -16.584  0.031
 SN18734  25.403 -16.584  0.031
    SN12  24.344 -17.643  0.061
 SN18441  23.504 -18.483  0.018
 SN13355  24.857 -17.130  0.024
 SN13355  24.857 -17.130  0.024
 SN17204  24.693 -17.294  0.053
    SN24  25.146 -16.841  0.052
    SN24  25.146 -16.841  0.052
 SN12782  24.463 -17.524  0.031
 SN18109  24.403 -17.584  0.022
 SN13376  24.777 -17.210  0.024
 SN17627  25.597 -16.390  0.040
 SN17627  25.597 -16.390  0.040
 SN17627  25.597 -16.390  0.040
 SN17627  25.597 -16.390  0.040
 SN18297  24.901 -17.086  0.034
 SN18297  24.901 -17.086  0.034
 SN16857  24.440 -17.547  0.025
 SN13449  24.110 -17.877  0.018
 SN16192  23.701 -18.286  0.022
 SN21064  24.261 -17.726  0.023
 SN18457  24.104 -17.883  0.025
 SN10907  24.393 -17.594  0.043
 SN12842  23.454 -18.533  0.017
 SN18713  25.034 -16.953  0.042
 SN18713  25.034 -16.953  0.042
 SN17200  25.202 -16.785  0.080
 SN17200  25.202 -16.785  0.080
 SN21362  23.842 -18.145  0.032
 SN17386  23.656 -18.331  0.029
   SN111  24.126 -17.861  0.030
 SN20838  24.097 -17.890  0.024
 SN18709  24.358 -17.629  0.034
 SN18709  24.358 -17.629  0.034
 SN20038  23.173 -18.814  0.037
 SN14450  23.994 -17.993  0.039
 SN18299  24.978 -17.009  0.082
 SN15339  23.774 -18.213  0.031
 SN18834  24.211 -17.776  0.045
 SN17862  24.064 -17.923  0.100
 SN18892  24.524 -17.463  0.061
  SN2366  24.363 -17.624  0.058
 SN16668  23.198 -18.789  0.023
 SN10297  23.740 -18.247  0.123
 SN12991  24.030 -17.957  0.080
 SN19222  24.479 -17.508  0.096
 SN16840  23.246 -18.741  0.055
