  SN1472  27.002 -15.987  0.011
  SN1472  27.002 -15.987  0.011
  SN1472  27.002 -15.987  0.011
  SN1472  27.002 -15.987  0.011
  SN1472  27.002 -15.987  0.011
  SN1472  27.002 -15.987  0.011
 SN10367  26.749 -16.240  0.010
 SN10367  26.749 -16.240  0.010
 SN10367  26.749 -16.240  0.010
 SN10367  26.749 -16.240  0.010
 SN18596  25.586 -17.403  0.009
  SN1114  25.179 -17.810  0.015
 SN15031  25.949 -17.040  0.016
 SN15031  25.949 -17.040  0.016
 SN17244  27.344 -15.645  0.036
 SN17244  27.344 -15.645  0.036
 SN17244  27.344 -15.645  0.036
 SN17244  27.344 -15.645  0.036
 SN17244  27.344 -15.645  0.036
 SN17244  27.344 -15.645  0.036
 SN17244  27.344 -15.645  0.036
 SN17244  27.344 -15.645  0.036
 SN17244  27.344 -15.645  0.036
 SN17244  27.344 -15.645  0.036
    SN18  24.175 -18.814  0.017
 SN18408  26.161 -16.828  0.017
 SN18408  26.161 -16.828  0.017
 SN12820  25.637 -17.352  0.027
 SN14599  25.321 -17.668  0.020
  SN3818  26.136 -16.853  0.026
  SN3818  26.136 -16.853  0.026
 SN16087  26.346 -16.643  0.081
 SN16087  26.346 -16.643  0.081
 SN16087  26.346 -16.643  0.081
 SN18700  26.286 -16.703  0.033
 SN18700  26.286 -16.703  0.033
 SN18700  26.286 -16.703  0.033
 SN15320  25.745 -17.244  0.020
 SN17531  26.525 -16.464  0.061
 SN17531  26.525 -16.464  0.061
 SN17531  26.525 -16.464  0.061
 SN18590  26.285 -16.704  0.034
 SN18590  26.285 -16.704  0.034
 SN18734  26.405 -16.584  0.031
 SN18734  26.405 -16.584  0.031
 SN18734  26.405 -16.584  0.031
    SN12  25.346 -17.643  0.061
 SN18441  24.506 -18.483  0.018
 SN13355  25.859 -17.130  0.024
 SN13355  25.859 -17.130  0.024
 SN17204  25.695 -17.294  0.053
    SN24  26.148 -16.841  0.052
    SN24  26.148 -16.841  0.052
 SN12782  25.465 -17.524  0.031
 SN18109  25.405 -17.584  0.022
 SN13376  25.779 -17.210  0.024
 SN17627  26.599 -16.390  0.040
 SN17627  26.599 -16.390  0.040
 SN17627  26.599 -16.390  0.040
 SN17627  26.599 -16.390  0.040
 SN18297  25.903 -17.086  0.034
 SN18297  25.903 -17.086  0.034
 SN16857  25.442 -17.547  0.025
 SN13449  25.112 -17.877  0.018
 SN16192  24.703 -18.286  0.022
 SN21064  25.263 -17.726  0.023
 SN18457  25.106 -17.883  0.025
 SN10907  25.395 -17.594  0.043
 SN12842  24.456 -18.533  0.017
 SN18713  26.036 -16.953  0.042
 SN18713  26.036 -16.953  0.042
 SN17200  26.204 -16.785  0.080
 SN17200  26.204 -16.785  0.080
 SN21362  24.844 -18.145  0.032
 SN17386  24.658 -18.331  0.029
   SN111  25.128 -17.861  0.030
 SN20838  25.099 -17.890  0.024
 SN18709  25.360 -17.629  0.034
 SN18709  25.360 -17.629  0.034
 SN20038  24.175 -18.814  0.037
 SN14450  24.996 -17.993  0.039
 SN18299  25.980 -17.009  0.082
 SN15339  24.776 -18.213  0.031
 SN18834  25.213 -17.776  0.045
 SN17862  25.066 -17.923  0.100
 SN18892  25.526 -17.463  0.061
  SN2366  25.365 -17.624  0.058
 SN16668  24.200 -18.789  0.023
 SN10297  24.742 -18.247  0.123
 SN12991  25.032 -17.957  0.080
 SN19222  25.481 -17.508  0.096
 SN16840  24.248 -18.741  0.055
