  SN1472  31.567 -15.987  0.011
 SN10367  31.314 -16.240  0.010
 SN18596  30.151 -17.403  0.009
  SN1114  29.744 -17.810  0.015
 SN15031  30.514 -17.040  0.016
 SN17244  31.909 -15.645  0.036
    SN18  28.740 -18.814  0.017
 SN18408  30.726 -16.828  0.017
 SN12820  30.202 -17.352  0.027
 SN14599  29.886 -17.668  0.020
  SN3818  30.701 -16.853  0.026
 SN16087  30.911 -16.643  0.081
 SN18700  30.851 -16.703  0.033
 SN15320  30.310 -17.244  0.020
 SN17531  31.090 -16.464  0.061
 SN18590  30.850 -16.704  0.034
 SN18734  30.970 -16.584  0.031
    SN12  29.911 -17.643  0.061
 SN18441  29.071 -18.483  0.018
 SN13355  30.424 -17.130  0.024
 SN17204  30.260 -17.294  0.053
    SN24  30.713 -16.841  0.052
 SN12782  30.030 -17.524  0.031
 SN18109  29.970 -17.584  0.022
 SN13376  30.344 -17.210  0.024
 SN17627  31.164 -16.390  0.040
 SN18297  30.468 -17.086  0.034
 SN16857  30.007 -17.547  0.025
 SN13449  29.677 -17.877  0.018
 SN16192  29.268 -18.286  0.022
 SN21064  29.828 -17.726  0.023
 SN18457  29.671 -17.883  0.025
 SN10907  29.960 -17.594  0.043
 SN12842  29.021 -18.533  0.017
 SN18713  30.601 -16.953  0.042
 SN17200  30.769 -16.785  0.080
 SN21362  29.409 -18.145  0.032
 SN17386  29.223 -18.331  0.029
   SN111  29.693 -17.861  0.030
 SN20838  29.664 -17.890  0.024
 SN18709  29.925 -17.629  0.034
 SN18709  29.925 -17.629  0.034
 SN20038  28.740 -18.814  0.037
 SN14450  29.561 -17.993  0.039
 SN18299  30.545 -17.009  0.082
 SN15339  29.341 -18.213  0.031
 SN18834  29.778 -17.776  0.045
 SN17862  29.631 -17.923  0.100
 SN18892  30.091 -17.463  0.061
  SN2366  29.930 -17.624  0.058
 SN16668  28.765 -18.789  0.023
 SN10297  29.307 -18.247  0.123
 SN12991  29.597 -17.957  0.080
 SN19222  30.046 -17.508  0.096
 SN16840  28.813 -18.741  0.055
