  SN1472  25.598 -15.987  0.011
  SN1472  25.598 -15.987  0.011
  SN1472  25.598 -15.987  0.011
  SN1472  25.598 -15.987  0.011
  SN1472  25.598 -15.987  0.011
  SN1472  25.598 -15.987  0.011
 SN10367  25.345 -16.240  0.010
 SN10367  25.345 -16.240  0.010
 SN10367  25.345 -16.240  0.010
 SN10367  25.345 -16.240  0.010
 SN18596  24.182 -17.403  0.009
  SN1114  23.775 -17.810  0.015
 SN15031  24.545 -17.040  0.016
 SN15031  24.545 -17.040  0.016
 SN17244  25.940 -15.645  0.036
 SN17244  25.940 -15.645  0.036
 SN17244  25.940 -15.645  0.036
 SN17244  25.940 -15.645  0.036
 SN17244  25.940 -15.645  0.036
 SN17244  25.940 -15.645  0.036
 SN17244  25.940 -15.645  0.036
 SN17244  25.940 -15.645  0.036
 SN17244  25.940 -15.645  0.036
 SN17244  25.940 -15.645  0.036
    SN18  22.771 -18.814  0.017
 SN18408  24.757 -16.828  0.017
 SN18408  24.757 -16.828  0.017
 SN12820  24.233 -17.352  0.027
 SN14599  23.917 -17.668  0.020
  SN3818  24.732 -16.853  0.026
  SN3818  24.732 -16.853  0.026
 SN16087  24.942 -16.643  0.081
 SN16087  24.942 -16.643  0.081
 SN16087  24.942 -16.643  0.081
 SN18700  24.882 -16.703  0.033
 SN18700  24.882 -16.703  0.033
 SN18700  24.882 -16.703  0.033
 SN15320  24.341 -17.244  0.020
 SN17531  25.121 -16.464  0.061
 SN17531  25.121 -16.464  0.061
 SN17531  25.121 -16.464  0.061
 SN18590  24.881 -16.704  0.034
 SN18590  24.881 -16.704  0.034
 SN18734  25.001 -16.584  0.031
 SN18734  25.001 -16.584  0.031
 SN18734  25.001 -16.584  0.031
    SN12  23.942 -17.643  0.061
 SN18441  23.102 -18.483  0.018
 SN13355  24.455 -17.130  0.024
 SN13355  24.455 -17.130  0.024
 SN17204  24.291 -17.294  0.053
    SN24  24.744 -16.841  0.052
    SN24  24.744 -16.841  0.052
 SN12782  24.061 -17.524  0.031
 SN18109  24.001 -17.584  0.022
 SN13376  24.375 -17.210  0.024
 SN17627  25.195 -16.390  0.040
 SN17627  25.195 -16.390  0.040
 SN17627  25.195 -16.390  0.040
 SN17627  25.195 -16.390  0.040
 SN18297  24.499 -17.086  0.034
 SN18297  24.499 -17.086  0.034
 SN16857  24.038 -17.547  0.025
 SN13449  23.708 -17.877  0.018
 SN16192  23.299 -18.286  0.022
 SN21064  23.859 -17.726  0.023
 SN18457  23.702 -17.883  0.025
 SN10907  23.991 -17.594  0.043
 SN12842  23.052 -18.533  0.017
 SN18713  24.632 -16.953  0.042
 SN18713  24.632 -16.953  0.042
 SN17200  24.800 -16.785  0.080
 SN17200  24.800 -16.785  0.080
 SN21362  23.440 -18.145  0.032
 SN17386  23.254 -18.331  0.029
   SN111  23.724 -17.861  0.030
 SN20838  23.695 -17.890  0.024
 SN18709  23.956 -17.629  0.034
 SN18709  23.956 -17.629  0.034
 SN20038  22.771 -18.814  0.037
 SN14450  23.592 -17.993  0.039
 SN18299  24.576 -17.009  0.082
 SN15339  23.372 -18.213  0.031
 SN18834  23.809 -17.776  0.045
 SN17862  23.662 -17.923  0.100
 SN18892  24.122 -17.463  0.061
  SN2366  23.961 -17.624  0.058
 SN16668  22.796 -18.789  0.023
 SN10297  23.338 -18.247  0.123
 SN12991  23.628 -17.957  0.080
 SN19222  24.077 -17.508  0.096
 SN16840  22.844 -18.741  0.055
