  SN1472  27.444 -15.987  0.011
 SN10367  27.191 -16.240  0.010
 SN18596  26.028 -17.403  0.009
  SN1114  25.621 -17.810  0.015
 SN15031  26.391 -17.040  0.016
 SN17244  27.786 -15.645  0.036
    SN18  24.617 -18.814  0.017
 SN18408  26.603 -16.828  0.017
 SN12820  26.079 -17.352  0.027
 SN14599  25.763 -17.668  0.020
  SN3818  26.578 -16.853  0.026
 SN16087  26.788 -16.643  0.081
 SN18700  26.728 -16.703  0.033
 SN15320  26.187 -17.244  0.020
 SN17531  26.967 -16.464  0.061
 SN18590  26.727 -16.704  0.034
 SN18734  26.847 -16.584  0.031
    SN12  25.788 -17.643  0.061
 SN18441  24.948 -18.483  0.018
 SN13355  26.301 -17.130  0.024
 SN17204  26.137 -17.294  0.053
    SN24  26.590 -16.841  0.052
 SN12782  25.907 -17.524  0.031
 SN18109  25.847 -17.584  0.022
 SN13376  26.221 -17.210  0.024
 SN17627  27.041 -16.390  0.040
 SN18297  26.345 -17.086  0.034
 SN16857  25.884 -17.547  0.025
 SN13449  25.554 -17.877  0.018
 SN16192  25.145 -18.286  0.022
 SN21064  25.705 -17.726  0.023
 SN18457  25.548 -17.883  0.025
 SN10907  25.837 -17.594  0.043
 SN12842  24.898 -18.533  0.017
 SN18713  26.478 -16.953  0.042
 SN17200  26.646 -16.785  0.080
 SN21362  25.286 -18.145  0.032
 SN17386  25.100 -18.331  0.029
   SN111  25.570 -17.861  0.030
 SN20838  25.541 -17.890  0.024
 SN18709  25.802 -17.629  0.034
 SN18709  25.802 -17.629  0.034
 SN20038  24.617 -18.814  0.037
 SN14450  25.438 -17.993  0.039
 SN18299  26.422 -17.009  0.082
 SN15339  25.218 -18.213  0.031
 SN18834  25.655 -17.776  0.045
 SN17862  25.508 -17.923  0.100
 SN18892  25.968 -17.463  0.061
  SN2366  25.807 -17.624  0.058
 SN16668  24.642 -18.789  0.023
 SN10297  25.184 -18.247  0.123
 SN12991  25.474 -17.957  0.080
 SN19222  25.923 -17.508  0.096
 SN16840  24.690 -18.741  0.055
