  SN1472  29.771 -15.987  0.011
 SN10367  29.518 -16.240  0.010
 SN18596  28.355 -17.403  0.009
  SN1114  27.948 -17.810  0.015
 SN15031  28.718 -17.040  0.016
 SN17244  30.113 -15.645  0.036
    SN18  26.944 -18.814  0.017
 SN18408  28.930 -16.828  0.017
 SN12820  28.406 -17.352  0.027
 SN14599  28.090 -17.668  0.020
  SN3818  28.905 -16.853  0.026
 SN16087  29.115 -16.643  0.081
 SN18700  29.055 -16.703  0.033
 SN15320  28.514 -17.244  0.020
 SN17531  29.294 -16.464  0.061
 SN18590  29.054 -16.704  0.034
 SN18734  29.174 -16.584  0.031
    SN12  28.115 -17.643  0.061
 SN18441  27.275 -18.483  0.018
 SN13355  28.628 -17.130  0.024
 SN17204  28.464 -17.294  0.053
    SN24  28.917 -16.841  0.052
 SN12782  28.234 -17.524  0.031
 SN18109  28.174 -17.584  0.022
 SN13376  28.548 -17.210  0.024
 SN17627  29.368 -16.390  0.040
 SN18297  28.672 -17.086  0.034
 SN16857  28.211 -17.547  0.025
 SN13449  27.881 -17.877  0.018
 SN16192  27.472 -18.286  0.022
 SN21064  28.032 -17.726  0.023
 SN18457  27.875 -17.883  0.025
 SN10907  28.164 -17.594  0.043
 SN12842  27.225 -18.533  0.017
 SN18713  28.805 -16.953  0.042
 SN17200  28.973 -16.785  0.080
 SN21362  27.613 -18.145  0.032
 SN17386  27.427 -18.331  0.029
   SN111  27.897 -17.861  0.030
 SN20838  27.868 -17.890  0.024
 SN18709  28.129 -17.629  0.034
 SN18709  28.129 -17.629  0.034
 SN20038  26.944 -18.814  0.037
 SN14450  27.765 -17.993  0.039
 SN18299  28.749 -17.009  0.082
 SN15339  27.545 -18.213  0.031
 SN18834  27.982 -17.776  0.045
 SN17862  27.835 -17.923  0.100
 SN18892  28.295 -17.463  0.061
  SN2366  28.134 -17.624  0.058
 SN16668  26.969 -18.789  0.023
 SN10297  27.511 -18.247  0.123
 SN12991  27.801 -17.957  0.080
 SN19222  28.250 -17.508  0.096
 SN16840  27.017 -18.741  0.055
