  SN1472  26.223 -15.987  0.011
 SN10367  25.970 -16.240  0.010
 SN18596  24.807 -17.403  0.009
  SN1114  24.400 -17.810  0.015
 SN15031  25.170 -17.040  0.016
 SN17244  26.565 -15.645  0.036
    SN18  23.396 -18.814  0.017
 SN18408  25.382 -16.828  0.017
 SN12820  24.858 -17.352  0.027
 SN14599  24.542 -17.668  0.020
  SN3818  25.357 -16.853  0.026
 SN16087  25.567 -16.643  0.081
 SN18700  25.507 -16.703  0.033
 SN15320  24.966 -17.244  0.020
 SN17531  25.746 -16.464  0.061
 SN18590  25.506 -16.704  0.034
 SN18734  25.626 -16.584  0.031
    SN12  24.567 -17.643  0.061
 SN18441  23.727 -18.483  0.018
 SN13355  25.080 -17.130  0.024
 SN17204  24.916 -17.294  0.053
    SN24  25.369 -16.841  0.052
 SN12782  24.686 -17.524  0.031
 SN18109  24.626 -17.584  0.022
 SN13376  25.000 -17.210  0.024
 SN17627  25.820 -16.390  0.040
 SN18297  25.124 -17.086  0.034
 SN16857  24.663 -17.547  0.025
 SN13449  24.333 -17.877  0.018
 SN16192  23.924 -18.286  0.022
 SN21064  24.484 -17.726  0.023
 SN18457  24.327 -17.883  0.025
 SN10907  24.616 -17.594  0.043
 SN12842  23.677 -18.533  0.017
 SN18713  25.257 -16.953  0.042
 SN17200  25.425 -16.785  0.080
 SN21362  24.065 -18.145  0.032
 SN17386  23.879 -18.331  0.029
   SN111  24.349 -17.861  0.030
 SN20838  24.320 -17.890  0.024
 SN18709  24.581 -17.629  0.034
 SN18709  24.581 -17.629  0.034
 SN20038  23.396 -18.814  0.037
 SN14450  24.217 -17.993  0.039
 SN18299  25.201 -17.009  0.082
 SN15339  23.997 -18.213  0.031
 SN18834  24.434 -17.776  0.045
 SN17862  24.287 -17.923  0.100
 SN18892  24.747 -17.463  0.061
  SN2366  24.586 -17.624  0.058
 SN16668  23.421 -18.789  0.023
 SN10297  23.963 -18.247  0.123
 SN12991  24.253 -17.957  0.080
 SN19222  24.702 -17.508  0.096
 SN16840  23.469 -18.741  0.055
