  SN1472  -15.813 -15.987  0.011
  SN1472  -15.813 -15.987  0.011
  SN1472  -15.813 -15.987  0.011
  SN1472  -15.813 -15.987  0.011
 SN10367  -16.066 -16.240  0.010
 SN10367  -16.066 -16.240  0.010
 SN10367  -16.066 -16.240  0.010
 SN18596  -17.229 -17.403  0.009
  SN1114  -17.636 -17.810  0.015
 SN15031  -16.866 -17.040  0.016
 SN17244  -15.471 -15.645  0.036
 SN17244  -15.471 -15.645  0.036
 SN17244  -15.471 -15.645  0.036
 SN17244  -15.471 -15.645  0.036
 SN17244  -15.471 -15.645  0.036
 SN17244  -15.471 -15.645  0.036
    SN18  -18.640 -18.814  0.017
 SN18408  -16.654 -16.828  0.017
 SN12820  -17.178 -17.352  0.027
 SN14599  -17.494 -17.668  0.020
  SN3818  -16.679 -16.853  0.026
 SN16087  -16.469 -16.643  0.081
 SN18700  -16.529 -16.703  0.033
 SN15320  -17.070 -17.244  0.020
 SN17531  -16.290 -16.464  0.061
 SN17531  -16.290 -16.464  0.061
 SN18590  -16.530 -16.704  0.034
 SN18590  -16.530 -16.704  0.034
 SN18734  -16.410 -16.584  0.031
 SN18734  -16.410 -16.584  0.031
    SN12  -17.469 -17.643  0.061
 SN18441  -18.309 -18.483  0.018
 SN13355  -16.956 -17.130  0.024
 SN17204  -17.120 -17.294  0.053
    SN24  -16.667 -16.841  0.052
 SN12782  -17.350 -17.524  0.031
 SN18109  -17.410 -17.584  0.022
 SN13376  -17.036 -17.210  0.024
 SN17627  -16.216 -16.390  0.040
 SN17627  -16.216 -16.390  0.040
 SN18297  -16.912 -17.086  0.034
 SN16857  -17.373 -17.547  0.025
 SN13449  -17.703 -17.877  0.018
 SN16192  -18.112 -18.286  0.022
 SN21064  -17.552 -17.726  0.023
 SN18457  -17.709 -17.883  0.025
 SN10907  -17.420 -17.594  0.043
 SN12842  -18.359 -18.533  0.017
 SN18713  -16.779 -16.953  0.042
 SN17200  -16.611 -16.785  0.080
 SN17200  -16.611 -16.785  0.080
 SN21362  -17.971 -18.145  0.032
 SN17386  -18.157 -18.331  0.029
   SN111  -17.687 -17.861  0.030
 SN20838  -17.716 -17.890  0.024
 SN18709  -17.455 -17.629  0.034
 SN18709  -17.455 -17.629  0.034
 SN20038  -18.640 -18.814  0.037
 SN14450  -17.819 -17.993  0.039
 SN18299  -16.835 -17.009  0.082
 SN15339  -18.039 -18.213  0.031
 SN18834  -17.602 -17.776  0.045
 SN17862  -17.749 -17.923  0.100
 SN18892  -17.289 -17.463  0.061
  SN2366  -17.450 -17.624  0.058
 SN16668  -18.615 -18.789  0.023
 SN10297  -18.073 -18.247  0.123
 SN12991  -17.783 -17.957  0.080
 SN19222  -17.334 -17.508  0.096
 SN16840  -18.567 -18.741  0.055
