  SN1472  29.993 -15.987  0.011
  SN1472  29.993 -15.987  0.011
  SN1472  29.993 -15.987  0.011
  SN1472  29.993 -15.987  0.011
  SN1472  29.993 -15.987  0.011
  SN1472  29.993 -15.987  0.011
 SN10367  29.740 -16.240  0.010
 SN10367  29.740 -16.240  0.010
 SN10367  29.740 -16.240  0.010
 SN10367  29.740 -16.240  0.010
 SN18596  28.577 -17.403  0.009
  SN1114  28.170 -17.810  0.015
 SN15031  28.940 -17.040  0.016
 SN15031  28.940 -17.040  0.016
 SN17244  30.335 -15.645  0.036
 SN17244  30.335 -15.645  0.036
 SN17244  30.335 -15.645  0.036
 SN17244  30.335 -15.645  0.036
 SN17244  30.335 -15.645  0.036
 SN17244  30.335 -15.645  0.036
 SN17244  30.335 -15.645  0.036
 SN17244  30.335 -15.645  0.036
 SN17244  30.335 -15.645  0.036
 SN17244  30.335 -15.645  0.036
    SN18  27.166 -18.814  0.017
 SN18408  29.152 -16.828  0.017
 SN18408  29.152 -16.828  0.017
 SN12820  28.628 -17.352  0.027
 SN14599  28.312 -17.668  0.020
  SN3818  29.127 -16.853  0.026
  SN3818  29.127 -16.853  0.026
 SN16087  29.337 -16.643  0.081
 SN16087  29.337 -16.643  0.081
 SN16087  29.337 -16.643  0.081
 SN18700  29.277 -16.703  0.033
 SN18700  29.277 -16.703  0.033
 SN18700  29.277 -16.703  0.033
 SN15320  28.736 -17.244  0.020
 SN17531  29.516 -16.464  0.061
 SN17531  29.516 -16.464  0.061
 SN17531  29.516 -16.464  0.061
 SN18590  29.276 -16.704  0.034
 SN18590  29.276 -16.704  0.034
 SN18734  29.396 -16.584  0.031
 SN18734  29.396 -16.584  0.031
 SN18734  29.396 -16.584  0.031
    SN12  28.337 -17.643  0.061
 SN18441  27.497 -18.483  0.018
 SN13355  28.850 -17.130  0.024
 SN13355  28.850 -17.130  0.024
 SN17204  28.686 -17.294  0.053
    SN24  29.139 -16.841  0.052
    SN24  29.139 -16.841  0.052
 SN12782  28.456 -17.524  0.031
 SN18109  28.396 -17.584  0.022
 SN13376  28.770 -17.210  0.024
 SN17627  29.590 -16.390  0.040
 SN17627  29.590 -16.390  0.040
 SN17627  29.590 -16.390  0.040
 SN17627  29.590 -16.390  0.040
 SN18297  28.894 -17.086  0.034
 SN18297  28.894 -17.086  0.034
 SN16857  28.433 -17.547  0.025
 SN13449  28.103 -17.877  0.018
 SN16192  27.694 -18.286  0.022
 SN21064  28.254 -17.726  0.023
 SN18457  28.097 -17.883  0.025
 SN10907  28.386 -17.594  0.043
 SN12842  27.447 -18.533  0.017
 SN18713  29.027 -16.953  0.042
 SN18713  29.027 -16.953  0.042
 SN17200  29.195 -16.785  0.080
 SN17200  29.195 -16.785  0.080
 SN21362  27.835 -18.145  0.032
 SN17386  27.649 -18.331  0.029
   SN111  28.119 -17.861  0.030
 SN20838  28.090 -17.890  0.024
 SN18709  28.351 -17.629  0.034
 SN18709  28.351 -17.629  0.034
 SN20038  27.166 -18.814  0.037
 SN14450  27.987 -17.993  0.039
 SN18299  28.971 -17.009  0.082
 SN15339  27.767 -18.213  0.031
 SN18834  28.204 -17.776  0.045
 SN17862  28.057 -17.923  0.100
 SN18892  28.517 -17.463  0.061
  SN2366  28.356 -17.624  0.058
 SN16668  27.191 -18.789  0.023
 SN10297  27.733 -18.247  0.123
 SN12991  28.023 -17.957  0.080
 SN19222  28.472 -17.508  0.096
 SN16840  27.239 -18.741  0.055
