  SN1472  20.754 -15.987  0.011
  SN1472  20.754 -15.987  0.011
  SN1472  20.754 -15.987  0.011
  SN1472  20.754 -15.987  0.011
 SN10367  20.501 -16.240  0.010
 SN10367  20.501 -16.240  0.010
 SN10367  20.501 -16.240  0.010
 SN18596  19.338 -17.403  0.009
  SN1114  18.931 -17.810  0.015
 SN15031  19.701 -17.040  0.016
 SN17244  21.096 -15.645  0.036
 SN17244  21.096 -15.645  0.036
 SN17244  21.096 -15.645  0.036
 SN17244  21.096 -15.645  0.036
 SN17244  21.096 -15.645  0.036
 SN17244  21.096 -15.645  0.036
    SN18  17.927 -18.814  0.017
 SN18408  19.913 -16.828  0.017
 SN12820  19.389 -17.352  0.027
 SN14599  19.073 -17.668  0.020
  SN3818  19.888 -16.853  0.026
 SN16087  20.098 -16.643  0.081
 SN18700  20.038 -16.703  0.033
 SN15320  19.497 -17.244  0.020
 SN17531  20.277 -16.464  0.061
 SN17531  20.277 -16.464  0.061
 SN18590  20.037 -16.704  0.034
 SN18590  20.037 -16.704  0.034
 SN18734  20.157 -16.584  0.031
 SN18734  20.157 -16.584  0.031
    SN12  19.098 -17.643  0.061
 SN18441  18.258 -18.483  0.018
 SN13355  19.611 -17.130  0.024
 SN17204  19.447 -17.294  0.053
    SN24  19.900 -16.841  0.052
 SN12782  19.217 -17.524  0.031
 SN18109  19.157 -17.584  0.022
 SN13376  19.531 -17.210  0.024
 SN17627  20.351 -16.390  0.040
 SN17627  20.351 -16.390  0.040
 SN18297  19.655 -17.086  0.034
 SN16857  19.194 -17.547  0.025
 SN13449  18.864 -17.877  0.018
 SN16192  18.455 -18.286  0.022
 SN21064  19.015 -17.726  0.023
 SN18457  18.858 -17.883  0.025
 SN10907  19.147 -17.594  0.043
 SN12842  18.208 -18.533  0.017
 SN18713  19.788 -16.953  0.042
 SN17200  19.956 -16.785  0.080
 SN17200  19.956 -16.785  0.080
 SN21362  18.596 -18.145  0.032
 SN17386  18.410 -18.331  0.029
   SN111  18.880 -17.861  0.030
 SN20838  18.851 -17.890  0.024
 SN18709  19.112 -17.629  0.034
 SN18709  19.112 -17.629  0.034
 SN20038  17.927 -18.814  0.037
 SN14450  18.748 -17.993  0.039
 SN18299  19.732 -17.009  0.082
 SN15339  18.528 -18.213  0.031
 SN18834  18.965 -17.776  0.045
 SN17862  18.818 -17.923  0.100
 SN18892  19.278 -17.463  0.061
  SN2366  19.117 -17.624  0.058
 SN16668  17.952 -18.789  0.023
 SN10297  18.494 -18.247  0.123
 SN12991  18.784 -17.957  0.080
 SN19222  19.233 -17.508  0.096
 SN16840  18.000 -18.741  0.055
