  SN1472  28.551 -15.987  0.011
 SN10367  28.298 -16.240  0.010
 SN18596  27.135 -17.403  0.009
  SN1114  26.728 -17.810  0.015
 SN15031  27.498 -17.040  0.016
 SN17244  28.893 -15.645  0.036
    SN18  25.724 -18.814  0.017
 SN18408  27.710 -16.828  0.017
 SN12820  27.186 -17.352  0.027
 SN14599  26.870 -17.668  0.020
  SN3818  27.685 -16.853  0.026
 SN16087  27.895 -16.643  0.081
 SN18700  27.835 -16.703  0.033
 SN15320  27.294 -17.244  0.020
 SN17531  28.074 -16.464  0.061
 SN18590  27.834 -16.704  0.034
 SN18734  27.954 -16.584  0.031
    SN12  26.895 -17.643  0.061
 SN18441  26.055 -18.483  0.018
 SN13355  27.408 -17.130  0.024
 SN17204  27.244 -17.294  0.053
    SN24  27.697 -16.841  0.052
 SN12782  27.014 -17.524  0.031
 SN18109  26.954 -17.584  0.022
 SN13376  27.328 -17.210  0.024
 SN17627  28.148 -16.390  0.040
 SN18297  27.452 -17.086  0.034
 SN16857  26.991 -17.547  0.025
 SN13449  26.661 -17.877  0.018
 SN16192  26.252 -18.286  0.022
 SN21064  26.812 -17.726  0.023
 SN18457  26.655 -17.883  0.025
 SN10907  26.944 -17.594  0.043
 SN12842  26.005 -18.533  0.017
 SN18713  27.585 -16.953  0.042
 SN17200  27.753 -16.785  0.080
 SN21362  26.393 -18.145  0.032
 SN17386  26.207 -18.331  0.029
   SN111  26.677 -17.861  0.030
 SN20838  26.648 -17.890  0.024
 SN18709  26.909 -17.629  0.034
 SN18709  26.909 -17.629  0.034
 SN20038  25.724 -18.814  0.037
 SN14450  26.545 -17.993  0.039
 SN18299  27.529 -17.009  0.082
 SN15339  26.325 -18.213  0.031
 SN18834  26.762 -17.776  0.045
 SN17862  26.615 -17.923  0.100
 SN18892  27.075 -17.463  0.061
  SN2366  26.914 -17.624  0.058
 SN16668  25.749 -18.789  0.023
 SN10297  26.291 -18.247  0.123
 SN12991  26.581 -17.957  0.080
 SN19222  27.030 -17.508  0.096
 SN16840  25.797 -18.741  0.055
