  SN1472  23.660 -15.987  0.011
  SN1472  23.660 -15.987  0.011
  SN1472  23.660 -15.987  0.011
  SN1472  23.660 -15.987  0.011
 SN10367  23.407 -16.240  0.010
 SN10367  23.407 -16.240  0.010
 SN10367  23.407 -16.240  0.010
 SN18596  22.244 -17.403  0.009
  SN1114  21.837 -17.810  0.015
 SN15031  22.607 -17.040  0.016
 SN17244  24.002 -15.645  0.036
 SN17244  24.002 -15.645  0.036
 SN17244  24.002 -15.645  0.036
 SN17244  24.002 -15.645  0.036
 SN17244  24.002 -15.645  0.036
 SN17244  24.002 -15.645  0.036
    SN18  20.833 -18.814  0.017
 SN18408  22.819 -16.828  0.017
 SN12820  22.295 -17.352  0.027
 SN14599  21.979 -17.668  0.020
  SN3818  22.794 -16.853  0.026
 SN16087  23.004 -16.643  0.081
 SN18700  22.944 -16.703  0.033
 SN15320  22.403 -17.244  0.020
 SN17531  23.183 -16.464  0.061
 SN17531  23.183 -16.464  0.061
 SN18590  22.943 -16.704  0.034
 SN18590  22.943 -16.704  0.034
 SN18734  23.063 -16.584  0.031
 SN18734  23.063 -16.584  0.031
    SN12  22.004 -17.643  0.061
 SN18441  21.164 -18.483  0.018
 SN13355  22.517 -17.130  0.024
 SN17204  22.353 -17.294  0.053
    SN24  22.806 -16.841  0.052
 SN12782  22.123 -17.524  0.031
 SN18109  22.063 -17.584  0.022
 SN13376  22.437 -17.210  0.024
 SN17627  23.257 -16.390  0.040
 SN17627  23.257 -16.390  0.040
 SN18297  22.561 -17.086  0.034
 SN16857  22.100 -17.547  0.025
 SN13449  21.770 -17.877  0.018
 SN16192  21.361 -18.286  0.022
 SN21064  21.921 -17.726  0.023
 SN18457  21.764 -17.883  0.025
 SN10907  22.053 -17.594  0.043
 SN12842  21.114 -18.533  0.017
 SN18713  22.694 -16.953  0.042
 SN17200  22.862 -16.785  0.080
 SN17200  22.862 -16.785  0.080
 SN21362  21.502 -18.145  0.032
 SN17386  21.316 -18.331  0.029
   SN111  21.786 -17.861  0.030
 SN20838  21.757 -17.890  0.024
 SN18709  22.018 -17.629  0.034
 SN18709  22.018 -17.629  0.034
 SN20038  20.833 -18.814  0.037
 SN14450  21.654 -17.993  0.039
 SN18299  22.638 -17.009  0.082
 SN15339  21.434 -18.213  0.031
 SN18834  21.871 -17.776  0.045
 SN17862  21.724 -17.923  0.100
 SN18892  22.184 -17.463  0.061
  SN2366  22.023 -17.624  0.058
 SN16668  20.858 -18.789  0.023
 SN10297  21.400 -18.247  0.123
 SN12991  21.690 -17.957  0.080
 SN19222  22.139 -17.508  0.096
 SN16840  20.906 -18.741  0.055
