  SN1472  30.809 -15.987  0.011
  SN1472  30.809 -15.987  0.011
  SN1472  30.809 -15.987  0.011
  SN1472  30.809 -15.987  0.011
 SN10367  30.556 -16.240  0.010
 SN10367  30.556 -16.240  0.010
 SN10367  30.556 -16.240  0.010
 SN18596  29.393 -17.403  0.009
  SN1114  28.986 -17.810  0.015
 SN15031  29.756 -17.040  0.016
 SN17244  31.151 -15.645  0.036
 SN17244  31.151 -15.645  0.036
 SN17244  31.151 -15.645  0.036
 SN17244  31.151 -15.645  0.036
 SN17244  31.151 -15.645  0.036
 SN17244  31.151 -15.645  0.036
    SN18  27.982 -18.814  0.017
 SN18408  29.968 -16.828  0.017
 SN12820  29.444 -17.352  0.027
 SN14599  29.128 -17.668  0.020
  SN3818  29.943 -16.853  0.026
 SN16087  30.153 -16.643  0.081
 SN18700  30.093 -16.703  0.033
 SN15320  29.552 -17.244  0.020
 SN17531  30.332 -16.464  0.061
 SN17531  30.332 -16.464  0.061
 SN18590  30.092 -16.704  0.034
 SN18590  30.092 -16.704  0.034
 SN18734  30.212 -16.584  0.031
 SN18734  30.212 -16.584  0.031
    SN12  29.153 -17.643  0.061
 SN18441  28.313 -18.483  0.018
 SN13355  29.666 -17.130  0.024
 SN17204  29.502 -17.294  0.053
    SN24  29.955 -16.841  0.052
 SN12782  29.272 -17.524  0.031
 SN18109  29.212 -17.584  0.022
 SN13376  29.586 -17.210  0.024
 SN17627  30.406 -16.390  0.040
 SN17627  30.406 -16.390  0.040
 SN18297  29.710 -17.086  0.034
 SN16857  29.249 -17.547  0.025
 SN13449  28.919 -17.877  0.018
 SN16192  28.510 -18.286  0.022
 SN21064  29.070 -17.726  0.023
 SN18457  28.913 -17.883  0.025
 SN10907  29.202 -17.594  0.043
 SN12842  28.263 -18.533  0.017
 SN18713  29.843 -16.953  0.042
 SN17200  30.011 -16.785  0.080
 SN17200  30.011 -16.785  0.080
 SN21362  28.651 -18.145  0.032
 SN17386  28.465 -18.331  0.029
   SN111  28.935 -17.861  0.030
 SN20838  28.906 -17.890  0.024
 SN18709  29.167 -17.629  0.034
 SN18709  29.167 -17.629  0.034
 SN20038  27.982 -18.814  0.037
 SN14450  28.803 -17.993  0.039
 SN18299  29.787 -17.009  0.082
 SN15339  28.583 -18.213  0.031
 SN18834  29.020 -17.776  0.045
 SN17862  28.873 -17.923  0.100
 SN18892  29.333 -17.463  0.061
  SN2366  29.172 -17.624  0.058
 SN16668  28.007 -18.789  0.023
 SN10297  28.549 -18.247  0.123
 SN12991  28.839 -17.957  0.080
 SN19222  29.288 -17.508  0.096
 SN16840  28.055 -18.741  0.055
