  SN1472  27.865 -15.987  0.011
  SN1472  27.865 -15.987  0.011
  SN1472  27.865 -15.987  0.011
  SN1472  27.865 -15.987  0.011
 SN10367  27.612 -16.240  0.010
 SN10367  27.612 -16.240  0.010
 SN10367  27.612 -16.240  0.010
 SN18596  26.449 -17.403  0.009
  SN1114  26.042 -17.810  0.015
 SN15031  26.812 -17.040  0.016
 SN17244  28.207 -15.645  0.036
 SN17244  28.207 -15.645  0.036
 SN17244  28.207 -15.645  0.036
 SN17244  28.207 -15.645  0.036
 SN17244  28.207 -15.645  0.036
 SN17244  28.207 -15.645  0.036
    SN18  25.038 -18.814  0.017
 SN18408  27.024 -16.828  0.017
 SN12820  26.500 -17.352  0.027
 SN14599  26.184 -17.668  0.020
  SN3818  26.999 -16.853  0.026
 SN16087  27.209 -16.643  0.081
 SN18700  27.149 -16.703  0.033
 SN15320  26.608 -17.244  0.020
 SN17531  27.388 -16.464  0.061
 SN17531  27.388 -16.464  0.061
 SN18590  27.148 -16.704  0.034
 SN18590  27.148 -16.704  0.034
 SN18734  27.268 -16.584  0.031
 SN18734  27.268 -16.584  0.031
    SN12  26.209 -17.643  0.061
 SN18441  25.369 -18.483  0.018
 SN13355  26.722 -17.130  0.024
 SN17204  26.558 -17.294  0.053
    SN24  27.011 -16.841  0.052
 SN12782  26.328 -17.524  0.031
 SN18109  26.268 -17.584  0.022
 SN13376  26.642 -17.210  0.024
 SN17627  27.462 -16.390  0.040
 SN17627  27.462 -16.390  0.040
 SN18297  26.766 -17.086  0.034
 SN16857  26.305 -17.547  0.025
 SN13449  25.975 -17.877  0.018
 SN16192  25.566 -18.286  0.022
 SN21064  26.126 -17.726  0.023
 SN18457  25.969 -17.883  0.025
 SN10907  26.258 -17.594  0.043
 SN12842  25.319 -18.533  0.017
 SN18713  26.899 -16.953  0.042
 SN17200  27.067 -16.785  0.080
 SN17200  27.067 -16.785  0.080
 SN21362  25.707 -18.145  0.032
 SN17386  25.521 -18.331  0.029
   SN111  25.991 -17.861  0.030
 SN20838  25.962 -17.890  0.024
 SN18709  26.223 -17.629  0.034
 SN18709  26.223 -17.629  0.034
 SN20038  25.038 -18.814  0.037
 SN14450  25.859 -17.993  0.039
 SN18299  26.843 -17.009  0.082
 SN15339  25.639 -18.213  0.031
 SN18834  26.076 -17.776  0.045
 SN17862  25.929 -17.923  0.100
 SN18892  26.389 -17.463  0.061
  SN2366  26.228 -17.624  0.058
 SN16668  25.063 -18.789  0.023
 SN10297  25.605 -18.247  0.123
 SN12991  25.895 -17.957  0.080
 SN19222  26.344 -17.508  0.096
 SN16840  25.111 -18.741  0.055
