  SN1472  28.034 -15.987  0.011
  SN1472  28.034 -15.987  0.011
  SN1472  28.034 -15.987  0.011
  SN1472  28.034 -15.987  0.011
 SN10367  27.781 -16.240  0.010
 SN10367  27.781 -16.240  0.010
 SN10367  27.781 -16.240  0.010
 SN18596  26.618 -17.403  0.009
  SN1114  26.211 -17.810  0.015
 SN15031  26.981 -17.040  0.016
 SN17244  28.376 -15.645  0.036
 SN17244  28.376 -15.645  0.036
 SN17244  28.376 -15.645  0.036
 SN17244  28.376 -15.645  0.036
 SN17244  28.376 -15.645  0.036
 SN17244  28.376 -15.645  0.036
    SN18  25.207 -18.814  0.017
 SN18408  27.193 -16.828  0.017
 SN12820  26.669 -17.352  0.027
 SN14599  26.353 -17.668  0.020
  SN3818  27.168 -16.853  0.026
 SN16087  27.378 -16.643  0.081
 SN18700  27.318 -16.703  0.033
 SN15320  26.777 -17.244  0.020
 SN17531  27.557 -16.464  0.061
 SN17531  27.557 -16.464  0.061
 SN18590  27.317 -16.704  0.034
 SN18590  27.317 -16.704  0.034
 SN18734  27.437 -16.584  0.031
 SN18734  27.437 -16.584  0.031
    SN12  26.378 -17.643  0.061
 SN18441  25.538 -18.483  0.018
 SN13355  26.891 -17.130  0.024
 SN17204  26.727 -17.294  0.053
    SN24  27.180 -16.841  0.052
 SN12782  26.497 -17.524  0.031
 SN18109  26.437 -17.584  0.022
 SN13376  26.811 -17.210  0.024
 SN17627  27.631 -16.390  0.040
 SN17627  27.631 -16.390  0.040
 SN18297  26.935 -17.086  0.034
 SN16857  26.474 -17.547  0.025
 SN13449  26.144 -17.877  0.018
 SN16192  25.735 -18.286  0.022
 SN21064  26.295 -17.726  0.023
 SN18457  26.138 -17.883  0.025
 SN10907  26.427 -17.594  0.043
 SN12842  25.488 -18.533  0.017
 SN18713  27.068 -16.953  0.042
 SN17200  27.236 -16.785  0.080
 SN17200  27.236 -16.785  0.080
 SN21362  25.876 -18.145  0.032
 SN17386  25.690 -18.331  0.029
   SN111  26.160 -17.861  0.030
 SN20838  26.131 -17.890  0.024
 SN18709  26.392 -17.629  0.034
 SN18709  26.392 -17.629  0.034
 SN20038  25.207 -18.814  0.037
 SN14450  26.028 -17.993  0.039
 SN18299  27.012 -17.009  0.082
 SN15339  25.808 -18.213  0.031
 SN18834  26.245 -17.776  0.045
 SN17862  26.098 -17.923  0.100
 SN18892  26.558 -17.463  0.061
  SN2366  26.397 -17.624  0.058
 SN16668  25.232 -18.789  0.023
 SN10297  25.774 -18.247  0.123
 SN12991  26.064 -17.957  0.080
 SN19222  26.513 -17.508  0.096
 SN16840  25.280 -18.741  0.055
