  SN1472  22.125 -15.987  0.011
  SN1472  22.125 -15.987  0.011
  SN1472  22.125 -15.987  0.011
  SN1472  22.125 -15.987  0.011
 SN10367  21.872 -16.240  0.010
 SN10367  21.872 -16.240  0.010
 SN10367  21.872 -16.240  0.010
 SN18596  20.709 -17.403  0.009
  SN1114  20.302 -17.810  0.015
 SN15031  21.072 -17.040  0.016
 SN17244  22.467 -15.645  0.036
 SN17244  22.467 -15.645  0.036
 SN17244  22.467 -15.645  0.036
 SN17244  22.467 -15.645  0.036
 SN17244  22.467 -15.645  0.036
 SN17244  22.467 -15.645  0.036
    SN18  19.298 -18.814  0.017
 SN18408  21.284 -16.828  0.017
 SN12820  20.760 -17.352  0.027
 SN14599  20.444 -17.668  0.020
  SN3818  21.259 -16.853  0.026
 SN16087  21.469 -16.643  0.081
 SN18700  21.409 -16.703  0.033
 SN15320  20.868 -17.244  0.020
 SN17531  21.648 -16.464  0.061
 SN17531  21.648 -16.464  0.061
 SN18590  21.408 -16.704  0.034
 SN18590  21.408 -16.704  0.034
 SN18734  21.528 -16.584  0.031
 SN18734  21.528 -16.584  0.031
    SN12  20.469 -17.643  0.061
 SN18441  19.629 -18.483  0.018
 SN13355  20.982 -17.130  0.024
 SN17204  20.818 -17.294  0.053
    SN24  21.271 -16.841  0.052
 SN12782  20.588 -17.524  0.031
 SN18109  20.528 -17.584  0.022
 SN13376  20.902 -17.210  0.024
 SN17627  21.722 -16.390  0.040
 SN17627  21.722 -16.390  0.040
 SN18297  21.026 -17.086  0.034
 SN16857  20.565 -17.547  0.025
 SN13449  20.235 -17.877  0.018
 SN16192  19.826 -18.286  0.022
 SN21064  20.386 -17.726  0.023
 SN18457  20.229 -17.883  0.025
 SN10907  20.518 -17.594  0.043
 SN12842  19.579 -18.533  0.017
 SN18713  21.159 -16.953  0.042
 SN17200  21.327 -16.785  0.080
 SN17200  21.327 -16.785  0.080
 SN21362  19.967 -18.145  0.032
 SN17386  19.781 -18.331  0.029
   SN111  20.251 -17.861  0.030
 SN20838  20.222 -17.890  0.024
 SN18709  20.483 -17.629  0.034
 SN18709  20.483 -17.629  0.034
 SN20038  19.298 -18.814  0.037
 SN14450  20.119 -17.993  0.039
 SN18299  21.103 -17.009  0.082
 SN15339  19.899 -18.213  0.031
 SN18834  20.336 -17.776  0.045
 SN17862  20.189 -17.923  0.100
 SN18892  20.649 -17.463  0.061
  SN2366  20.488 -17.624  0.058
 SN16668  19.323 -18.789  0.023
 SN10297  19.865 -18.247  0.123
 SN12991  20.155 -17.957  0.080
 SN19222  20.604 -17.508  0.096
 SN16840  19.371 -18.741  0.055
