  SN1472  23.024 -15.987  0.011
  SN1472  23.024 -15.987  0.011
  SN1472  23.024 -15.987  0.011
  SN1472  23.024 -15.987  0.011
  SN1472  23.024 -15.987  0.011
  SN1472  23.024 -15.987  0.011
 SN10367  22.771 -16.240  0.010
 SN10367  22.771 -16.240  0.010
 SN10367  22.771 -16.240  0.010
 SN10367  22.771 -16.240  0.010
 SN18596  21.608 -17.403  0.009
  SN1114  21.201 -17.810  0.015
 SN15031  21.971 -17.040  0.016
 SN15031  21.971 -17.040  0.016
 SN17244  23.366 -15.645  0.036
 SN17244  23.366 -15.645  0.036
 SN17244  23.366 -15.645  0.036
 SN17244  23.366 -15.645  0.036
 SN17244  23.366 -15.645  0.036
 SN17244  23.366 -15.645  0.036
 SN17244  23.366 -15.645  0.036
 SN17244  23.366 -15.645  0.036
 SN17244  23.366 -15.645  0.036
 SN17244  23.366 -15.645  0.036
    SN18  20.197 -18.814  0.017
 SN18408  22.183 -16.828  0.017
 SN18408  22.183 -16.828  0.017
 SN12820  21.659 -17.352  0.027
 SN14599  21.343 -17.668  0.020
  SN3818  22.158 -16.853  0.026
  SN3818  22.158 -16.853  0.026
 SN16087  22.368 -16.643  0.081
 SN16087  22.368 -16.643  0.081
 SN16087  22.368 -16.643  0.081
 SN18700  22.308 -16.703  0.033
 SN18700  22.308 -16.703  0.033
 SN18700  22.308 -16.703  0.033
 SN15320  21.767 -17.244  0.020
 SN17531  22.547 -16.464  0.061
 SN17531  22.547 -16.464  0.061
 SN17531  22.547 -16.464  0.061
 SN18590  22.307 -16.704  0.034
 SN18590  22.307 -16.704  0.034
 SN18734  22.427 -16.584  0.031
 SN18734  22.427 -16.584  0.031
 SN18734  22.427 -16.584  0.031
    SN12  21.368 -17.643  0.061
 SN18441  20.528 -18.483  0.018
 SN13355  21.881 -17.130  0.024
 SN13355  21.881 -17.130  0.024
 SN17204  21.717 -17.294  0.053
    SN24  22.170 -16.841  0.052
    SN24  22.170 -16.841  0.052
 SN12782  21.487 -17.524  0.031
 SN18109  21.427 -17.584  0.022
 SN13376  21.801 -17.210  0.024
 SN17627  22.621 -16.390  0.040
 SN17627  22.621 -16.390  0.040
 SN17627  22.621 -16.390  0.040
 SN17627  22.621 -16.390  0.040
 SN18297  21.925 -17.086  0.034
 SN18297  21.925 -17.086  0.034
 SN16857  21.464 -17.547  0.025
 SN13449  21.134 -17.877  0.018
 SN16192  20.725 -18.286  0.022
 SN21064  21.285 -17.726  0.023
 SN18457  21.128 -17.883  0.025
 SN10907  21.417 -17.594  0.043
 SN12842  20.478 -18.533  0.017
 SN18713  22.058 -16.953  0.042
 SN18713  22.058 -16.953  0.042
 SN17200  22.226 -16.785  0.080
 SN17200  22.226 -16.785  0.080
 SN21362  20.866 -18.145  0.032
 SN17386  20.680 -18.331  0.029
   SN111  21.150 -17.861  0.030
 SN20838  21.121 -17.890  0.024
 SN18709  21.382 -17.629  0.034
 SN18709  21.382 -17.629  0.034
 SN20038  20.197 -18.814  0.037
 SN14450  21.018 -17.993  0.039
 SN18299  22.002 -17.009  0.082
 SN15339  20.798 -18.213  0.031
 SN18834  21.235 -17.776  0.045
 SN17862  21.088 -17.923  0.100
 SN18892  21.548 -17.463  0.061
  SN2366  21.387 -17.624  0.058
 SN16668  20.222 -18.789  0.023
 SN10297  20.764 -18.247  0.123
 SN12991  21.054 -17.957  0.080
 SN19222  21.503 -17.508  0.096
 SN16840  20.270 -18.741  0.055
