  SN1472  28.272 -15.987  0.011
  SN1472  28.272 -15.987  0.011
  SN1472  28.272 -15.987  0.011
  SN1472  28.272 -15.987  0.011
 SN10367  28.019 -16.240  0.010
 SN10367  28.019 -16.240  0.010
 SN10367  28.019 -16.240  0.010
 SN18596  26.856 -17.403  0.009
  SN1114  26.449 -17.810  0.015
 SN15031  27.219 -17.040  0.016
 SN17244  28.614 -15.645  0.036
 SN17244  28.614 -15.645  0.036
 SN17244  28.614 -15.645  0.036
 SN17244  28.614 -15.645  0.036
 SN17244  28.614 -15.645  0.036
 SN17244  28.614 -15.645  0.036
    SN18  25.445 -18.814  0.017
 SN18408  27.431 -16.828  0.017
 SN12820  26.907 -17.352  0.027
 SN14599  26.591 -17.668  0.020
  SN3818  27.406 -16.853  0.026
 SN16087  27.616 -16.643  0.081
 SN18700  27.556 -16.703  0.033
 SN15320  27.015 -17.244  0.020
 SN17531  27.795 -16.464  0.061
 SN17531  27.795 -16.464  0.061
 SN18590  27.555 -16.704  0.034
 SN18590  27.555 -16.704  0.034
 SN18734  27.675 -16.584  0.031
 SN18734  27.675 -16.584  0.031
    SN12  26.616 -17.643  0.061
 SN18441  25.776 -18.483  0.018
 SN13355  27.129 -17.130  0.024
 SN17204  26.965 -17.294  0.053
    SN24  27.418 -16.841  0.052
 SN12782  26.735 -17.524  0.031
 SN18109  26.675 -17.584  0.022
 SN13376  27.049 -17.210  0.024
 SN17627  27.869 -16.390  0.040
 SN17627  27.869 -16.390  0.040
 SN18297  27.173 -17.086  0.034
 SN16857  26.712 -17.547  0.025
 SN13449  26.382 -17.877  0.018
 SN16192  25.973 -18.286  0.022
 SN21064  26.533 -17.726  0.023
 SN18457  26.376 -17.883  0.025
 SN10907  26.665 -17.594  0.043
 SN12842  25.726 -18.533  0.017
 SN18713  27.306 -16.953  0.042
 SN17200  27.474 -16.785  0.080
 SN17200  27.474 -16.785  0.080
 SN21362  26.114 -18.145  0.032
 SN17386  25.928 -18.331  0.029
   SN111  26.398 -17.861  0.030
 SN20838  26.369 -17.890  0.024
 SN18709  26.630 -17.629  0.034
 SN18709  26.630 -17.629  0.034
 SN20038  25.445 -18.814  0.037
 SN14450  26.266 -17.993  0.039
 SN18299  27.250 -17.009  0.082
 SN15339  26.046 -18.213  0.031
 SN18834  26.483 -17.776  0.045
 SN17862  26.336 -17.923  0.100
 SN18892  26.796 -17.463  0.061
  SN2366  26.635 -17.624  0.058
 SN16668  25.470 -18.789  0.023
 SN10297  26.012 -18.247  0.123
 SN12991  26.302 -17.957  0.080
 SN19222  26.751 -17.508  0.096
 SN16840  25.518 -18.741  0.055
