  SN1472  25.364 -15.987  0.011
  SN1472  25.364 -15.987  0.011
  SN1472  25.364 -15.987  0.011
  SN1472  25.364 -15.987  0.011
 SN10367  25.111 -16.240  0.010
 SN10367  25.111 -16.240  0.010
 SN10367  25.111 -16.240  0.010
 SN18596  23.948 -17.403  0.009
  SN1114  23.541 -17.810  0.015
 SN15031  24.311 -17.040  0.016
 SN17244  25.706 -15.645  0.036
 SN17244  25.706 -15.645  0.036
 SN17244  25.706 -15.645  0.036
 SN17244  25.706 -15.645  0.036
 SN17244  25.706 -15.645  0.036
 SN17244  25.706 -15.645  0.036
    SN18  22.537 -18.814  0.017
 SN18408  24.523 -16.828  0.017
 SN12820  23.999 -17.352  0.027
 SN14599  23.683 -17.668  0.020
  SN3818  24.498 -16.853  0.026
 SN16087  24.708 -16.643  0.081
 SN18700  24.648 -16.703  0.033
 SN15320  24.107 -17.244  0.020
 SN17531  24.887 -16.464  0.061
 SN17531  24.887 -16.464  0.061
 SN18590  24.647 -16.704  0.034
 SN18590  24.647 -16.704  0.034
 SN18734  24.767 -16.584  0.031
 SN18734  24.767 -16.584  0.031
    SN12  23.708 -17.643  0.061
 SN18441  22.868 -18.483  0.018
 SN13355  24.221 -17.130  0.024
 SN17204  24.057 -17.294  0.053
    SN24  24.510 -16.841  0.052
 SN12782  23.827 -17.524  0.031
 SN18109  23.767 -17.584  0.022
 SN13376  24.141 -17.210  0.024
 SN17627  24.961 -16.390  0.040
 SN17627  24.961 -16.390  0.040
 SN18297  24.265 -17.086  0.034
 SN16857  23.804 -17.547  0.025
 SN13449  23.474 -17.877  0.018
 SN16192  23.065 -18.286  0.022
 SN21064  23.625 -17.726  0.023
 SN18457  23.468 -17.883  0.025
 SN10907  23.757 -17.594  0.043
 SN12842  22.818 -18.533  0.017
 SN18713  24.398 -16.953  0.042
 SN17200  24.566 -16.785  0.080
 SN17200  24.566 -16.785  0.080
 SN21362  23.206 -18.145  0.032
 SN17386  23.020 -18.331  0.029
   SN111  23.490 -17.861  0.030
 SN20838  23.461 -17.890  0.024
 SN18709  23.722 -17.629  0.034
 SN18709  23.722 -17.629  0.034
 SN20038  22.537 -18.814  0.037
 SN14450  23.358 -17.993  0.039
 SN18299  24.342 -17.009  0.082
 SN15339  23.138 -18.213  0.031
 SN18834  23.575 -17.776  0.045
 SN17862  23.428 -17.923  0.100
 SN18892  23.888 -17.463  0.061
  SN2366  23.727 -17.624  0.058
 SN16668  22.562 -18.789  0.023
 SN10297  23.104 -18.247  0.123
 SN12991  23.394 -17.957  0.080
 SN19222  23.843 -17.508  0.096
 SN16840  22.610 -18.741  0.055
