  SN1472  31.020 -15.987  0.011
  SN1472  31.020 -15.987  0.011
  SN1472  31.020 -15.987  0.011
  SN1472  31.020 -15.987  0.011
  SN1472  31.020 -15.987  0.011
  SN1472  31.020 -15.987  0.011
 SN10367  30.767 -16.240  0.010
 SN10367  30.767 -16.240  0.010
 SN10367  30.767 -16.240  0.010
 SN10367  30.767 -16.240  0.010
 SN18596  29.604 -17.403  0.009
  SN1114  29.197 -17.810  0.015
 SN15031  29.967 -17.040  0.016
 SN15031  29.967 -17.040  0.016
 SN17244  31.362 -15.645  0.036
 SN17244  31.362 -15.645  0.036
 SN17244  31.362 -15.645  0.036
 SN17244  31.362 -15.645  0.036
 SN17244  31.362 -15.645  0.036
 SN17244  31.362 -15.645  0.036
 SN17244  31.362 -15.645  0.036
 SN17244  31.362 -15.645  0.036
 SN17244  31.362 -15.645  0.036
 SN17244  31.362 -15.645  0.036
    SN18  28.193 -18.814  0.017
 SN18408  30.179 -16.828  0.017
 SN18408  30.179 -16.828  0.017
 SN12820  29.655 -17.352  0.027
 SN14599  29.339 -17.668  0.020
  SN3818  30.154 -16.853  0.026
  SN3818  30.154 -16.853  0.026
 SN16087  30.364 -16.643  0.081
 SN16087  30.364 -16.643  0.081
 SN16087  30.364 -16.643  0.081
 SN18700  30.304 -16.703  0.033
 SN18700  30.304 -16.703  0.033
 SN18700  30.304 -16.703  0.033
 SN15320  29.763 -17.244  0.020
 SN17531  30.543 -16.464  0.061
 SN17531  30.543 -16.464  0.061
 SN17531  30.543 -16.464  0.061
 SN18590  30.303 -16.704  0.034
 SN18590  30.303 -16.704  0.034
 SN18734  30.423 -16.584  0.031
 SN18734  30.423 -16.584  0.031
 SN18734  30.423 -16.584  0.031
    SN12  29.364 -17.643  0.061
 SN18441  28.524 -18.483  0.018
 SN13355  29.877 -17.130  0.024
 SN13355  29.877 -17.130  0.024
 SN17204  29.713 -17.294  0.053
    SN24  30.166 -16.841  0.052
    SN24  30.166 -16.841  0.052
 SN12782  29.483 -17.524  0.031
 SN18109  29.423 -17.584  0.022
 SN13376  29.797 -17.210  0.024
 SN17627  30.617 -16.390  0.040
 SN17627  30.617 -16.390  0.040
 SN17627  30.617 -16.390  0.040
 SN17627  30.617 -16.390  0.040
 SN18297  29.921 -17.086  0.034
 SN18297  29.921 -17.086  0.034
 SN16857  29.460 -17.547  0.025
 SN13449  29.130 -17.877  0.018
 SN16192  28.721 -18.286  0.022
 SN21064  29.281 -17.726  0.023
 SN18457  29.124 -17.883  0.025
 SN10907  29.413 -17.594  0.043
 SN12842  28.474 -18.533  0.017
 SN18713  30.054 -16.953  0.042
 SN18713  30.054 -16.953  0.042
 SN17200  30.222 -16.785  0.080
 SN17200  30.222 -16.785  0.080
 SN21362  28.862 -18.145  0.032
 SN17386  28.676 -18.331  0.029
   SN111  29.146 -17.861  0.030
 SN20838  29.117 -17.890  0.024
 SN18709  29.378 -17.629  0.034
 SN18709  29.378 -17.629  0.034
 SN20038  28.193 -18.814  0.037
 SN14450  29.014 -17.993  0.039
 SN18299  29.998 -17.009  0.082
 SN15339  28.794 -18.213  0.031
 SN18834  29.231 -17.776  0.045
 SN17862  29.084 -17.923  0.100
 SN18892  29.544 -17.463  0.061
  SN2366  29.383 -17.624  0.058
 SN16668  28.218 -18.789  0.023
 SN10297  28.760 -18.247  0.123
 SN12991  29.050 -17.957  0.080
 SN19222  29.499 -17.508  0.096
 SN16840  28.266 -18.741  0.055
