  SN1472  26.454 -15.987  0.011
 SN10367  26.201 -16.240  0.010
 SN18596  25.038 -17.403  0.009
  SN1114  24.631 -17.810  0.015
 SN15031  25.401 -17.040  0.016
 SN17244  26.796 -15.645  0.036
    SN18  23.627 -18.814  0.017
 SN18408  25.613 -16.828  0.017
 SN12820  25.089 -17.352  0.027
 SN14599  24.773 -17.668  0.020
  SN3818  25.588 -16.853  0.026
 SN16087  25.798 -16.643  0.081
 SN18700  25.738 -16.703  0.033
 SN15320  25.197 -17.244  0.020
 SN17531  25.977 -16.464  0.061
 SN18590  25.737 -16.704  0.034
 SN18734  25.857 -16.584  0.031
    SN12  24.798 -17.643  0.061
 SN18441  23.958 -18.483  0.018
 SN13355  25.311 -17.130  0.024
 SN17204  25.147 -17.294  0.053
    SN24  25.600 -16.841  0.052
 SN12782  24.917 -17.524  0.031
 SN18109  24.857 -17.584  0.022
 SN13376  25.231 -17.210  0.024
 SN17627  26.051 -16.390  0.040
 SN18297  25.355 -17.086  0.034
 SN16857  24.894 -17.547  0.025
 SN13449  24.564 -17.877  0.018
 SN16192  24.155 -18.286  0.022
 SN21064  24.715 -17.726  0.023
 SN18457  24.558 -17.883  0.025
 SN10907  24.847 -17.594  0.043
 SN12842  23.908 -18.533  0.017
 SN18713  25.488 -16.953  0.042
 SN17200  25.656 -16.785  0.080
 SN21362  24.296 -18.145  0.032
 SN17386  24.110 -18.331  0.029
   SN111  24.580 -17.861  0.030
 SN20838  24.551 -17.890  0.024
 SN18709  24.812 -17.629  0.034
 SN18709  24.812 -17.629  0.034
 SN20038  23.627 -18.814  0.037
 SN14450  24.448 -17.993  0.039
 SN18299  25.432 -17.009  0.082
 SN15339  24.228 -18.213  0.031
 SN18834  24.665 -17.776  0.045
 SN17862  24.518 -17.923  0.100
 SN18892  24.978 -17.463  0.061
  SN2366  24.817 -17.624  0.058
 SN16668  23.652 -18.789  0.023
 SN10297  24.194 -18.247  0.123
 SN12991  24.484 -17.957  0.080
 SN19222  24.933 -17.508  0.096
 SN16840  23.700 -18.741  0.055
