  SN1472  28.799 -15.987  0.011
  SN1472  28.799 -15.987  0.011
  SN1472  28.799 -15.987  0.011
  SN1472  28.799 -15.987  0.011
  SN1472  28.799 -15.987  0.011
  SN1472  28.799 -15.987  0.011
 SN10367  28.546 -16.240  0.010
 SN10367  28.546 -16.240  0.010
 SN10367  28.546 -16.240  0.010
 SN10367  28.546 -16.240  0.010
 SN18596  27.383 -17.403  0.009
  SN1114  26.976 -17.810  0.015
 SN15031  27.746 -17.040  0.016
 SN15031  27.746 -17.040  0.016
 SN17244  29.141 -15.645  0.036
 SN17244  29.141 -15.645  0.036
 SN17244  29.141 -15.645  0.036
 SN17244  29.141 -15.645  0.036
 SN17244  29.141 -15.645  0.036
 SN17244  29.141 -15.645  0.036
 SN17244  29.141 -15.645  0.036
 SN17244  29.141 -15.645  0.036
 SN17244  29.141 -15.645  0.036
 SN17244  29.141 -15.645  0.036
    SN18  25.972 -18.814  0.017
 SN18408  27.958 -16.828  0.017
 SN18408  27.958 -16.828  0.017
 SN12820  27.434 -17.352  0.027
 SN14599  27.118 -17.668  0.020
  SN3818  27.933 -16.853  0.026
  SN3818  27.933 -16.853  0.026
 SN16087  28.143 -16.643  0.081
 SN16087  28.143 -16.643  0.081
 SN16087  28.143 -16.643  0.081
 SN18700  28.083 -16.703  0.033
 SN18700  28.083 -16.703  0.033
 SN18700  28.083 -16.703  0.033
 SN15320  27.542 -17.244  0.020
 SN17531  28.322 -16.464  0.061
 SN17531  28.322 -16.464  0.061
 SN17531  28.322 -16.464  0.061
 SN18590  28.082 -16.704  0.034
 SN18590  28.082 -16.704  0.034
 SN18734  28.202 -16.584  0.031
 SN18734  28.202 -16.584  0.031
 SN18734  28.202 -16.584  0.031
    SN12  27.143 -17.643  0.061
 SN18441  26.303 -18.483  0.018
 SN13355  27.656 -17.130  0.024
 SN13355  27.656 -17.130  0.024
 SN17204  27.492 -17.294  0.053
    SN24  27.945 -16.841  0.052
    SN24  27.945 -16.841  0.052
 SN12782  27.262 -17.524  0.031
 SN18109  27.202 -17.584  0.022
 SN13376  27.576 -17.210  0.024
 SN17627  28.396 -16.390  0.040
 SN17627  28.396 -16.390  0.040
 SN17627  28.396 -16.390  0.040
 SN17627  28.396 -16.390  0.040
 SN18297  27.700 -17.086  0.034
 SN18297  27.700 -17.086  0.034
 SN16857  27.239 -17.547  0.025
 SN13449  26.909 -17.877  0.018
 SN16192  26.500 -18.286  0.022
 SN21064  27.060 -17.726  0.023
 SN18457  26.903 -17.883  0.025
 SN10907  27.192 -17.594  0.043
 SN12842  26.253 -18.533  0.017
 SN18713  27.833 -16.953  0.042
 SN18713  27.833 -16.953  0.042
 SN17200  28.001 -16.785  0.080
 SN17200  28.001 -16.785  0.080
 SN21362  26.641 -18.145  0.032
 SN17386  26.455 -18.331  0.029
   SN111  26.925 -17.861  0.030
 SN20838  26.896 -17.890  0.024
 SN18709  27.157 -17.629  0.034
 SN18709  27.157 -17.629  0.034
 SN20038  25.972 -18.814  0.037
 SN14450  26.793 -17.993  0.039
 SN18299  27.777 -17.009  0.082
 SN15339  26.573 -18.213  0.031
 SN18834  27.010 -17.776  0.045
 SN17862  26.863 -17.923  0.100
 SN18892  27.323 -17.463  0.061
  SN2366  27.162 -17.624  0.058
 SN16668  25.997 -18.789  0.023
 SN10297  26.539 -18.247  0.123
 SN12991  26.829 -17.957  0.080
 SN19222  27.278 -17.508  0.096
 SN16840  26.045 -18.741  0.055
