 SN14318 SN2006py  26.918 -18.898  0.031  0.687  0.033
 SN16185 SN2006ok  27.297 -18.519  0.015  0.693  0.027
 SN12781 SN2006er  27.174 -18.642  0.110  0.719  0.052
  SN8151 SN2005hk  27.832 -17.984  0.018  0.726  0.017
 SN16280 SN2006nz  27.788 -18.028  0.009  0.732  0.016
 SN16259 SN2006ol  27.236 -18.580  0.020  0.771  0.055
 SN16314 SN2006oa  26.536 -19.280  0.016  0.786  0.047
 SN16392 SN2006ob  26.931 -18.885  0.006  0.797  0.049
 SN10028 SN2005kt  26.869 -18.947  0.010  0.800  0.029
 SN13135 SN2006fz  26.912 -18.904  0.019  0.856  0.016
  SN7147 SN2005jh  26.869 -18.947  0.037  0.857  0.022
 SN16287 SN2006np  26.926 -18.890  0.028  0.879  0.081
   SN739 SN2005ef  26.662 -19.154  0.047  0.889  0.018
 SN14816 SN2006ja  26.814 -19.002  0.012  0.924  0.038
  SN1241 SN2005ff  26.965 -18.851  0.017  0.927  0.038
 SN10434 SN2005lk  26.596 -19.220  0.026  0.930  0.046
  SN3256 SN2005hn  26.900 -18.916  0.055  0.941  0.028
 SN10805 SN2005ku  26.869 -18.947  0.006  0.960  0.020
  SN6057 SN2005if  27.081 -18.735  0.007  0.968  0.013
 SN12950 SN2006fy  26.881 -18.935  0.009  0.968  0.014
 SN14279 SN2006hx  26.892 -18.924  0.005  0.978  0.008
 SN16619 SN2006ps  26.794 -19.022  0.020  0.980  0.045
 SN16333 SN2006on  26.749 -19.067  0.011  0.986  0.021
  SN3592 SN2005gb  26.646 -19.170  0.020  0.987  0.021
  SN6520     none  28.095 -17.721  0.071  0.991  0.072
   SN722 SN2005ed  26.612 -19.204  0.036  0.996  0.020
 SN12779 SN2006fd  27.116 -18.700  0.024  1.002  0.019
  SN5549 SN2005hx  26.804 -19.012  0.009  1.009  0.020
 SN12860 SN2006fc  27.427 -18.389  0.015  1.015  0.029
 SN12897 SN2006eb  27.813 -18.003  0.012  1.017  0.014
 SN16641 SN2006pr  26.973 -18.843  0.026  1.019  0.057
  SN2561 SN2005fv  27.004 -18.812  0.015  1.028  0.030
 SN12898 SN2006fw  27.024 -18.792  0.009  1.049  0.012
  SN7876 SN2005ir  26.610 -19.206  0.039  1.076  0.031
   SN774 SN2005ex  26.747 -19.069  0.026  1.080  0.023
 SN13038 SN2006gn  26.739 -19.077  0.033  1.096  0.019
  SN5944 SN2005hc  26.624 -19.192  0.009  1.099  0.019
  SN2102 SN2005fn  26.327 -19.489  0.010  1.110  0.015
  SN6558 SN2005hj  26.572 -19.244  0.005  1.123  0.044
 SN12778 SN2006fs  27.188 -18.628  0.041  1.160  0.037
 SN14871 SN2006jq  26.746 -19.070  0.009  1.163  0.020
  SN6962 SN2005je  27.326 -18.490  0.021  1.184  0.031
  SN5395 SN2005hr  26.679 -19.137  0.010  1.221  0.026
  SN8719 SN2005kp  26.606 -19.210  0.036  0.992  0.032
  SN1371 SN2005fh  26.189 -19.627  0.011  1.037  0.015
 SN10096 SN2005lj  28.440 -17.376  0.037  1.068  0.083
 SN10096 SN2005lj  28.440 -17.376  0.037  1.068  0.083
 SN16215 SN2006ne  28.768 -17.048  0.010  0.872  0.054
  SN3901 SN2005ho  30.719 -15.097  0.073  1.196  0.183
 SN12780 SN2006eq  26.959 -18.857  0.145  0.453  0.034
  SN6295 SN2005js  28.732 -17.084  0.068  0.467  0.027
 SN11067 SN2005ml  27.812 -18.004  0.025  1.379  0.225
 SN14815 SN2006iz  26.705 -19.111  0.009  1.413  0.020
