 SN14318 SN2006py  21.835 -18.898  0.031  0.687  0.033
 SN16185 SN2006ok  22.214 -18.519  0.015  0.693  0.027
 SN12781 SN2006er  22.091 -18.642  0.110  0.719  0.052
  SN8151 SN2005hk  22.749 -17.984  0.018  0.726  0.017
 SN16280 SN2006nz  22.705 -18.028  0.009  0.732  0.016
 SN16259 SN2006ol  22.153 -18.580  0.020  0.771  0.055
 SN16314 SN2006oa  21.453 -19.280  0.016  0.786  0.047
 SN16392 SN2006ob  21.848 -18.885  0.006  0.797  0.049
 SN10028 SN2005kt  21.786 -18.947  0.010  0.800  0.029
 SN13135 SN2006fz  21.829 -18.904  0.019  0.856  0.016
  SN7147 SN2005jh  21.786 -18.947  0.037  0.857  0.022
 SN16287 SN2006np  21.843 -18.890  0.028  0.879  0.081
   SN739 SN2005ef  21.579 -19.154  0.047  0.889  0.018
 SN14816 SN2006ja  21.731 -19.002  0.012  0.924  0.038
  SN1241 SN2005ff  21.882 -18.851  0.017  0.927  0.038
 SN10434 SN2005lk  21.513 -19.220  0.026  0.930  0.046
  SN3256 SN2005hn  21.817 -18.916  0.055  0.941  0.028
 SN10805 SN2005ku  21.786 -18.947  0.006  0.960  0.020
  SN6057 SN2005if  21.998 -18.735  0.007  0.968  0.013
 SN12950 SN2006fy  21.798 -18.935  0.009  0.968  0.014
 SN14279 SN2006hx  21.809 -18.924  0.005  0.978  0.008
 SN16619 SN2006ps  21.711 -19.022  0.020  0.980  0.045
 SN16333 SN2006on  21.666 -19.067  0.011  0.986  0.021
  SN3592 SN2005gb  21.563 -19.170  0.020  0.987  0.021
  SN6520     none  23.012 -17.721  0.071  0.991  0.072
   SN722 SN2005ed  21.529 -19.204  0.036  0.996  0.020
 SN12779 SN2006fd  22.033 -18.700  0.024  1.002  0.019
  SN5549 SN2005hx  21.721 -19.012  0.009  1.009  0.020
 SN12860 SN2006fc  22.344 -18.389  0.015  1.015  0.029
 SN12897 SN2006eb  22.730 -18.003  0.012  1.017  0.014
 SN16641 SN2006pr  21.890 -18.843  0.026  1.019  0.057
  SN2561 SN2005fv  21.921 -18.812  0.015  1.028  0.030
 SN12898 SN2006fw  21.941 -18.792  0.009  1.049  0.012
  SN7876 SN2005ir  21.527 -19.206  0.039  1.076  0.031
   SN774 SN2005ex  21.664 -19.069  0.026  1.080  0.023
 SN13038 SN2006gn  21.656 -19.077  0.033  1.096  0.019
  SN5944 SN2005hc  21.541 -19.192  0.009  1.099  0.019
  SN2102 SN2005fn  21.244 -19.489  0.010  1.110  0.015
  SN6558 SN2005hj  21.489 -19.244  0.005  1.123  0.044
 SN12778 SN2006fs  22.105 -18.628  0.041  1.160  0.037
 SN14871 SN2006jq  21.663 -19.070  0.009  1.163  0.020
  SN6962 SN2005je  22.243 -18.490  0.021  1.184  0.031
  SN5395 SN2005hr  21.596 -19.137  0.010  1.221  0.026
  SN8719 SN2005kp  21.523 -19.210  0.036  0.992  0.032
  SN1371 SN2005fh  21.106 -19.627  0.011  1.037  0.015
 SN10096 SN2005lj  23.357 -17.376  0.037  1.068  0.083
 SN10096 SN2005lj  23.357 -17.376  0.037  1.068  0.083
 SN16215 SN2006ne  23.685 -17.048  0.010  0.872  0.054
  SN3901 SN2005ho  25.636 -15.097  0.073  1.196  0.183
 SN12780 SN2006eq  21.876 -18.857  0.145  0.453  0.034
  SN6295 SN2005js  23.649 -17.084  0.068  0.467  0.027
 SN11067 SN2005ml  22.729 -18.004  0.025  1.379  0.225
 SN14815 SN2006iz  21.622 -19.111  0.009  1.413  0.020
