 SN14318 SN2006py  24.616 -18.898  0.031  0.687  0.033
 SN16185 SN2006ok  24.995 -18.519  0.015  0.693  0.027
 SN12781 SN2006er  24.872 -18.642  0.110  0.719  0.052
  SN8151 SN2005hk  25.530 -17.984  0.018  0.726  0.017
 SN16280 SN2006nz  25.486 -18.028  0.009  0.732  0.016
 SN16259 SN2006ol  24.934 -18.580  0.020  0.771  0.055
 SN16314 SN2006oa  24.234 -19.280  0.016  0.786  0.047
 SN16392 SN2006ob  24.629 -18.885  0.006  0.797  0.049
 SN10028 SN2005kt  24.567 -18.947  0.010  0.800  0.029
 SN13135 SN2006fz  24.610 -18.904  0.019  0.856  0.016
  SN7147 SN2005jh  24.567 -18.947  0.037  0.857  0.022
 SN16287 SN2006np  24.624 -18.890  0.028  0.879  0.081
   SN739 SN2005ef  24.360 -19.154  0.047  0.889  0.018
 SN14816 SN2006ja  24.512 -19.002  0.012  0.924  0.038
  SN1241 SN2005ff  24.663 -18.851  0.017  0.927  0.038
 SN10434 SN2005lk  24.294 -19.220  0.026  0.930  0.046
  SN3256 SN2005hn  24.598 -18.916  0.055  0.941  0.028
 SN10805 SN2005ku  24.567 -18.947  0.006  0.960  0.020
  SN6057 SN2005if  24.779 -18.735  0.007  0.968  0.013
 SN12950 SN2006fy  24.579 -18.935  0.009  0.968  0.014
 SN14279 SN2006hx  24.590 -18.924  0.005  0.978  0.008
 SN16619 SN2006ps  24.492 -19.022  0.020  0.980  0.045
 SN16333 SN2006on  24.447 -19.067  0.011  0.986  0.021
  SN3592 SN2005gb  24.344 -19.170  0.020  0.987  0.021
  SN6520     none  25.793 -17.721  0.071  0.991  0.072
   SN722 SN2005ed  24.310 -19.204  0.036  0.996  0.020
 SN12779 SN2006fd  24.814 -18.700  0.024  1.002  0.019
  SN5549 SN2005hx  24.502 -19.012  0.009  1.009  0.020
 SN12860 SN2006fc  25.125 -18.389  0.015  1.015  0.029
 SN12897 SN2006eb  25.511 -18.003  0.012  1.017  0.014
 SN16641 SN2006pr  24.671 -18.843  0.026  1.019  0.057
  SN2561 SN2005fv  24.702 -18.812  0.015  1.028  0.030
 SN12898 SN2006fw  24.722 -18.792  0.009  1.049  0.012
  SN7876 SN2005ir  24.308 -19.206  0.039  1.076  0.031
   SN774 SN2005ex  24.445 -19.069  0.026  1.080  0.023
 SN13038 SN2006gn  24.437 -19.077  0.033  1.096  0.019
  SN5944 SN2005hc  24.322 -19.192  0.009  1.099  0.019
  SN2102 SN2005fn  24.025 -19.489  0.010  1.110  0.015
  SN6558 SN2005hj  24.270 -19.244  0.005  1.123  0.044
 SN12778 SN2006fs  24.886 -18.628  0.041  1.160  0.037
 SN14871 SN2006jq  24.444 -19.070  0.009  1.163  0.020
  SN6962 SN2005je  25.024 -18.490  0.021  1.184  0.031
  SN5395 SN2005hr  24.377 -19.137  0.010  1.221  0.026
  SN8719 SN2005kp  24.304 -19.210  0.036  0.992  0.032
  SN1371 SN2005fh  23.887 -19.627  0.011  1.037  0.015
 SN10096 SN2005lj  26.138 -17.376  0.037  1.068  0.083
 SN10096 SN2005lj  26.138 -17.376  0.037  1.068  0.083
 SN16215 SN2006ne  26.466 -17.048  0.010  0.872  0.054
  SN3901 SN2005ho  28.417 -15.097  0.073  1.196  0.183
 SN12780 SN2006eq  24.657 -18.857  0.145  0.453  0.034
  SN6295 SN2005js  26.430 -17.084  0.068  0.467  0.027
 SN11067 SN2005ml  25.510 -18.004  0.025  1.379  0.225
 SN14815 SN2006iz  24.403 -19.111  0.009  1.413  0.020
