#1 observer-frame phase [day]
#2 SC B mag (AB)
#3 SC V mag (AB)
#4 SC R mag (AB)
#5 SC i mag (AB)
#6 SC z mag (AB)
-200.000 30.0000 30.0000 30.0000 30.0000 30.0000
-17.850 30.0000 30.0000 30.0000 30.0000 30.0000
-16.800 21.8320 21.9610 22.1580 22.1900 22.1440
-15.750 21.8690 21.7500 21.5630 21.6920 21.9190
-14.700 21.7310 21.2880 21.0350 21.1560 21.5060
-13.650 21.3640 20.7250 20.5150 20.6530 21.1100
-12.600 20.8190 20.1440 20.0090 20.1710 20.6640
-11.550 20.2810 19.7490 19.6450 19.8190 20.3300
-10.500 19.8370 19.4030 19.3870 19.5270 20.0060
 -9.450 19.5290 19.2030 19.1820 19.3270 19.7400
 -8.400 19.2800 19.0020 18.9940 19.1470 19.5160
 -7.350 19.0870 18.8690 18.8440 19.0220 19.3690
 -6.300 18.9410 18.7200 18.7080 18.8800 19.2210
 -5.250 18.8220 18.6400 18.6150 18.7770 19.1060
 -4.200 18.7370 18.5700 18.5340 18.6900 19.0100
 -3.150 18.6710 18.5300 18.4600 18.6080 18.9240
 -2.100 18.6180 18.4960 18.4070 18.5380 18.8420
 -1.050 18.5900 18.4600 18.3490 18.4680 18.7640
  0.000 18.5740 18.4440 18.3210 18.4320 18.7190
  1.050 18.5950 18.4300 18.2860 18.3930 18.6740
  2.100 18.6210 18.4160 18.2640 18.3590 18.6250
  3.150 18.6730 18.4260 18.2530 18.3430 18.6010
  4.200 18.7250 18.4310 18.2450 18.3290 18.5810
  5.250 18.7960 18.4350 18.2550 18.3230 18.5920
  6.300 18.8640 18.4280 18.2570 18.3020 18.5800
  7.350 18.9490 18.4450 18.2720 18.3000 18.5940
  8.400 19.0420 18.5200 18.2980 18.3300 18.6220
  9.450 19.1490 18.6000 18.3380 18.3680 18.6490
 10.500 19.2660 18.6940 18.3830 18.4100 18.6880
 11.550 19.4020 18.7570 18.4450 18.4400 18.7420
 12.600 19.5490 18.8310 18.5200 18.4800 18.8040
 13.650 19.7070 18.8960 18.6070 18.5180 18.8550
 14.700 19.8500 18.9870 18.6900 18.5750 18.8820
 15.750 19.9470 19.0690 18.7640 18.6310 18.9210
 16.800 20.0310 19.1300 18.8380 18.6930 18.9720
 17.850 20.1630 19.2120 18.9060 18.7550 19.0230
 18.900 20.3070 19.3000 18.9420 18.8760 19.0120
 19.950 20.4340 19.4020 18.9790 19.0030 18.9930
 21.000 20.4850 19.5030 19.0100 19.1370 18.9720
 22.050 20.5520 19.5720 19.0720 19.1880 19.0060
 23.100 20.5910 19.6320 19.1240 19.2270 19.0340
 24.150 20.6210 19.7470 19.1620 19.2790 19.0890
 25.200 20.6480 19.8370 19.2110 19.3400 19.1570
 26.250 20.7070 19.9370 19.2710 19.4140 19.2400
 27.300 20.7690 20.0580 19.3480 19.4860 19.3000
 28.350 20.8240 20.1700 19.4270 19.5590 19.3610
 29.400 20.8770 20.2360 19.5110 19.6320 19.4260
 30.450 20.9360 20.2710 19.5980 19.7080 19.4920
 31.500 20.9850 20.3050 19.6860 19.7820 19.5580
 32.550 21.0320 20.3390 19.7740 19.8540 19.6210
 33.600 21.0730 20.3760 19.8630 19.9240 19.6840
 34.650 21.1120 20.4190 19.9300 19.9830 19.7380
 35.700 21.1490 20.4700 19.9740 20.0310 19.7850
 36.750 21.1730 20.5210 20.0140 20.0750 19.8360
 37.800 21.2000 20.5670 20.0480 20.1130 19.8760
 38.850 21.2300 20.6070 20.0860 20.1490 19.9050
 39.900 21.2530 20.6460 20.1240 20.1840 19.9370
 40.950 21.2730 20.6840 20.1620 20.2190 19.9680
 42.000 21.2940 20.7220 20.2000 20.2550 20.0020
 43.050 21.3130 20.7600 20.2370 20.2910 20.0370
 44.100 21.3340 20.7980 20.2770 20.3300 20.0760
 45.150 21.3530 20.8290 20.3150 20.3680 20.1140
 46.200 21.3700 20.8510 20.3510 20.4020 20.1530
 47.250 21.3990 20.8650 20.3890 20.4420 20.1920
 48.300 21.4260 20.8780 20.4260 20.4800 20.2340
 49.350 21.4520 20.8890 20.4640 20.5170 20.2750
 50.400 21.4790 20.9010 20.5010 20.5530 20.3140
 51.450 21.5080 20.9150 20.5370 20.5880 20.3510
 52.500 21.5350 20.9290 20.5670 20.6190 20.3840
 53.550 21.5610 20.9460 20.5930 20.6480 20.4170
 54.600 21.5860 20.9660 20.6160 20.6760 20.4510
 55.650 21.6080 20.9860 20.6380 20.7030 20.4840
 56.700 21.6260 21.0050 20.6590 20.7300 20.5170
 57.750 21.6430 21.0260 20.6820 20.7580 20.5500
 58.800 21.6600 21.0450 20.7040 20.7850 20.5830
 59.850 21.6780 21.0650 20.7250 20.8110 20.6140
 60.900 21.6980 21.0850 20.7480 20.8370 20.6450
 61.950 21.7180 21.1040 20.7700 20.8600 20.6700
 63.000 21.7400 21.1240 20.7910 20.8810 20.6890
 64.050 21.7620 21.1430 20.8090 20.8980 20.7050
 65.100 21.7860 21.1630 20.8240 20.9130 20.7190
 66.150 21.8100 21.1820 20.8370 20.9270 20.7330
 67.200 21.8370 21.2010 20.8500 20.9410 20.7490
 68.250 21.8630 21.2190 20.8630 20.9550 20.7640
 69.300 21.8910 21.2390 20.8750 20.9710 20.7820
 70.350 21.9210 21.2590 20.8880 20.9870 20.8010
 71.400 21.9500 21.2780 20.8990 21.0030 20.8210
373.275 30.0000 26.7980 24.4640 25.3730 25.8810
548.384 30.0000 30.0000 26.5320 27.9079 28.8162
619.011 30.0000 30.0000 27.3660 28.9303 30.0000
692.903 30.0000 30.0000 28.2387 30.0000 30.0000
842.049 30.0000 30.0000 30.0000 30.0000 30.0000
