#1 observer-frame phase [day]
#2 SC B mag (AB)
#3 SC V mag (AB)
#4 SC R mag (AB)
#5 SC i mag (AB)
#6 SC z mag (AB)
-200.000  6.7070  6.7070  6.7070  6.7070  6.7070
-27.550  6.7070  6.7070  6.7070  6.7070  6.7070
-26.100  3.2890  3.3920  3.4690  3.5870  3.7740
-24.650  4.1020  3.7710  3.3920  3.3430  3.1620
-23.200  5.0920  3.9130  3.1520  2.8710  2.6350
-21.750  5.7600  3.6570  2.7320  2.3080  2.1190
-20.300  5.2460  3.1300  2.1760  1.7330  1.6160
-18.850  4.3940  2.4630  1.6840  1.3420  1.2510
-17.400  3.7520  1.9320  1.2720  1.0050  0.9980
-15.950  3.2680  1.5820  1.0170  0.8050  0.8020
-14.500  2.7640  1.2500  0.8140  0.6050  0.6220
-13.050  2.4930  1.0370  0.6540  0.4710  0.4760
-11.600  2.3740  0.9020  0.5050  0.3230  0.3410
-10.150  2.2260  0.7690  0.3940  0.2420  0.2470
 -8.700  2.1700  0.6960  0.3090  0.1720  0.1660
 -7.250  2.1710  0.5990  0.2890  0.1270  0.0920
 -5.800  2.2430  0.5390  0.2720  0.0880  0.0410
 -4.350  2.3010  0.4910  0.2830  0.0470 -0.0160
 -2.900  2.3760  0.5050  0.2580  0.0310 -0.0450
 -1.450  2.4620  0.5490  0.2680  0.0140 -0.0800
  0.000  2.6200  0.6190  0.2770  0.0000 -0.1020
  1.450  2.7680  0.7000  0.3170  0.0080 -0.1130
  2.900  2.9930  0.8010  0.3510  0.0110 -0.1220
  4.350  3.2940  0.9490  0.3770  0.0210 -0.1200
  5.800  3.5400  1.0820  0.4010  0.0190 -0.1250
  7.250  3.7280  1.2210  0.4450  0.0410 -0.1180
  8.700  3.9560  1.3580  0.5280  0.1110 -0.0940
 10.150  4.0580  1.4840  0.6270  0.1870 -0.0550
 11.600  4.3260  1.6250  0.7370  0.2760 -0.0120
 13.050  4.4130  1.7980  0.8310  0.3460  0.0420
 14.500  4.3800  1.9450  0.9400  0.4260  0.1100
 15.950  4.2530  2.0670  1.0570  0.4990  0.1900
 17.400  4.2860  2.1780  1.1960  0.5900  0.2740
 18.850  4.3460  2.2640  1.2930  0.6710  0.3480
 20.300  4.4010  2.3400  1.3740  0.7330  0.4220
 21.750  4.3520  2.4380  1.5020  0.8130  0.4910
 23.200  4.3520  2.5550  1.6470  0.9060  0.5130
 24.650  4.3170  2.6690  1.7780  1.0130  0.5360
 26.100  4.3510  2.7560  1.8400  1.1210  0.5540
 27.550  4.3630  2.8280  1.9070  1.1900  0.6160
 29.000  4.5070  2.8770  1.9480  1.2500  0.6680
 30.450  4.5890  2.9170  1.9930  1.3590  0.7040
 31.900  4.6700  2.9560  2.0290  1.4470  0.7520
 33.350  4.7190  3.0070  2.0970  1.5440  0.8110
 34.800  4.7560  3.0540  2.1710  1.6620  0.8880
 36.250  4.7850  3.0930  2.2380  1.7720  0.9670
 37.700  4.7990  3.1310  2.2950  1.8400  1.0510
 39.150  4.7450  3.1760  2.3500  1.8790  1.1390
 40.600  4.7580  3.2130  2.3990  1.9170  1.2290
 42.050  4.7750  3.2500  2.4440  1.9560  1.3180
 43.500  4.8610  3.2820  2.4850  1.9970  1.4080
 44.950  4.8960  3.3190  2.5240  2.0420  1.4760
 46.400  4.8710  3.3570  2.5630  2.0930  1.5190
 47.850  4.9770  3.3830  2.5920  2.1430  1.5580
 49.300  5.0180  3.4130  2.6210  2.1890  1.5930
 50.750  4.9850  3.4450  2.6520  2.2290  1.6300
 52.200  5.0170  3.4690  2.6770  2.2690  1.6690
 53.650  5.0460  3.4910  2.7000  2.3070  1.7060
 55.100  5.0760  3.5130  2.7220  2.3450  1.7440
 56.550  5.1100  3.5370  2.7440  2.3830  1.7810
 58.000  5.1530  3.5640  2.7660  2.4220  1.8210
 59.450  5.1980  3.5920  2.7850  2.4530  1.8600
 60.900  5.3050  3.6160  2.8010  2.4760  1.8960
 62.350  5.2800  3.6530  2.8260  2.4920  1.9340
 63.800  5.3200  3.6860  2.8490  2.5070  1.9720
 65.250  5.3610  3.7190  2.8720  2.5200  2.0100
 66.700  5.4040  3.7540  2.8950  2.5330  2.0470
 68.150  5.4510  3.7910  2.9200  2.5480  2.0840
 69.600  5.5020  3.8280  2.9430  2.5630  2.1150
 71.050  5.5620  3.8670  2.9660  2.5810  2.1410
 72.500  5.6330  3.9080  2.9870  2.6010  2.1640
 73.950  5.7150  3.9500  3.0050  2.6210  2.1850
 75.400  5.8050  3.9910  3.0200  2.6410  2.2060
 76.850  5.9020  4.0330  3.0340  2.6610  2.2290
 78.300  5.9960  4.0720  3.0480  2.6810  2.2500
 79.750  6.0880  4.1110  3.0640  2.7000  2.2720
 81.200  6.1810  4.1510  3.0810  2.7210  2.2940
 82.650  6.2780  4.1910  3.0980  2.7410  2.3160
 84.100  6.3810  4.2330  3.1170  2.7600  2.3380
 85.550  6.4900  4.2750  3.1360  2.7800  2.3560
 87.000  6.5960  4.3170  3.1570  2.7990  2.3710
 88.450  6.6950  4.3570  3.1780  2.8170  2.3840
 89.900  6.7070  4.3970  3.2020  2.8360  2.3970
 91.350  6.7070  4.4360  3.2260  2.8540  2.4090
 92.800  6.7070  4.4760  3.2520  2.8730  2.4210
 94.250  6.7070  4.5170  3.2790  2.8920  2.4330
 95.700  6.7070  4.5590  3.3050  2.9100  2.4450
 95.700  6.7070  4.5590  3.3050  2.9100  2.4450
172.794  6.7070  6.7070  4.6555  3.8989  3.0937
289.909  6.7070  6.7070  6.7070  5.4012  4.0790
391.703  6.7070  6.7070  6.7070  6.7070  4.9355
602.249  6.7070  6.7070  6.7070  6.7070  6.7070
