-100.00  8.174
-30.00  8.174
-11.00  8.174
-10.00 -11.826
 -8.99 -12.694
 -7.98 -13.547
 -6.97 -14.369
 -5.96 -15.145
 -4.95 -15.860
 -3.94 -16.497
 -2.93 -17.035
 -1.92 -17.451
 -0.91 -17.723
  0.00 -17.826
  0.71 -17.814
  1.73 -17.793
  2.74 -17.761
  3.75 -17.720
  4.77 -17.680
  5.78 -17.638
  6.79 -17.586
  7.81 -17.536
  8.82 -17.485
  9.83 -17.435
 10.84 -17.384
 11.86 -17.333
 12.87 -17.282
 13.88 -17.231
 14.90 -17.181
 15.91 -17.132
 16.92 -17.084
 17.94 -17.036
 18.95 -16.989
 19.96 -16.944
 20.98 -16.900
 21.99 -16.858
 23.00 -16.817
 24.02 -16.778
 25.03 -16.740
 26.04 -16.705
 27.05 -16.672
 28.07 -16.641
 29.08 -16.613
 30.09 -16.577
 31.11 -16.536
 32.12 -16.495
 33.13 -16.453
 34.15 -16.418
 35.16 -16.395
 36.17 -16.370
 37.19 -16.336
 38.20 -16.299
 39.21 -16.261
 40.23 -16.221
 41.24 -16.180
 42.25 -16.138
 43.26 -16.096
 44.28 -16.054
 45.29 -16.013
 46.30 -15.972
 47.32 -15.932
 48.33 -15.894
 49.34 -15.858
 50.36 -15.824
 51.37 -15.792
 52.38 -15.762
 53.40 -15.732
 54.41 -15.701
 55.42 -15.668
 56.44 -15.633
 57.45 -15.596
 58.46 -15.558
 59.47 -15.518
 60.49 -15.477
 61.50 -15.434
 62.51 -15.390
 63.53 -15.345
 64.54 -15.299
 65.55 -15.252
 66.57 -15.203
 67.58 -15.154
 68.59 -15.104
 69.61 -15.052
 70.62 -15.000
 71.63 -14.948
 72.65 -14.895
 73.66 -14.841
 74.67 -14.787
 75.68 -14.732
 76.70 -14.677
 77.71 -14.621
 78.72 -14.566
 79.74 -14.510
 80.75 -14.454
 81.76 -14.399
 82.78 -14.343
 83.79 -14.287
 84.80 -14.232
 85.82 -14.177
 86.83 -14.122
 87.84 -14.067
 88.86 -14.013
 89.87 -13.960
 90.88 -13.907
 91.89 -13.855
 92.91 -13.804
 93.92 -13.753
 94.93 -13.703
 95.95 -13.655
 96.96 -13.607
 97.97 -13.560
 98.99 -13.515
100.00 -13.471
