-100.00 26.000
-45.00 26.000
-16.50 26.000
-15.00  6.000
-13.48  5.132
-11.97  4.279
-10.45  3.457
 -8.94  2.681
 -7.42  1.966
 -5.91  1.329
 -4.39  0.791
 -2.88  0.375
 -1.36  0.103
  0.00  0.000
  1.07  0.013
  2.59  0.041
  4.11  0.075
  5.63  0.111
  7.15  0.169
  8.67  0.213
 10.19  0.269
 11.71  0.326
 13.23  0.384
 14.75  0.442
 16.27  0.499
 17.79  0.557
 19.31  0.614
 20.83  0.670
 22.35  0.726
 23.87  0.782
 25.38  0.837
 26.90  0.891
 28.42  0.943
 29.94  0.995
 31.46  1.045
 32.98  1.094
 34.50  1.140
 36.02  1.185
 37.54  1.228
 39.06  1.269
 40.58  1.307
 42.10  1.342
 43.62  1.376
 45.14  1.423
 46.66  1.474
 48.18  1.518
 49.70  1.566
 51.22  1.608
 52.74  1.635
 54.26  1.665
 55.78  1.707
 57.30  1.753
 58.82  1.800
 60.34  1.849
 61.86  1.899
 63.38  1.949
 64.90  2.000
 66.42  2.050
 67.94  2.099
 69.46  2.146
 70.98  2.192
 72.50  2.235
 74.02  2.275
 75.53  2.311
 77.05  2.344
 78.57  2.374
 80.09  2.404
 81.61  2.434
 83.13  2.467
 84.65  2.502
 86.17  2.538
 87.69  2.577
 89.21  2.617
 90.73  2.658
 92.25  2.701
 93.77  2.745
 95.29  2.791
 96.81  2.838
 98.33  2.886
 99.85  2.935
101.37  2.985
102.89  3.036
104.41  3.088
105.93  3.141
107.45  3.194
108.97  3.249
110.49  3.303
112.01  3.359
113.53  3.414
115.05  3.470
116.57  3.527
118.09  3.583
119.61  3.640
121.13  3.696
122.65  3.753
124.17  3.809
125.68  3.866
127.20  3.922
128.72  3.977
130.24  4.032
131.76  4.087
133.28  4.141
134.80  4.195
136.32  4.248
137.84  4.300
139.36  4.351
140.88  4.401
142.40  4.450
143.92  4.498
145.44  4.545
146.96  4.591
148.48  4.635
150.00  4.678
