-100.00 26.000
-51.00 26.000
-18.70 26.000
-17.00  6.000
-15.28  5.132
-13.57  4.279
-11.85  3.457
-10.13  2.681
 -8.41  1.966
 -6.70  1.329
 -4.98  0.791
 -3.26  0.375
 -1.55  0.103
  0.00  0.000
  1.21  0.013
  2.93  0.054
  4.66  0.090
  6.38  0.119
  8.10  0.206
  9.82  0.253
 11.55  0.316
 13.27  0.386
 14.99  0.455
 16.71  0.524
 18.44  0.593
 20.16  0.660
 21.88  0.728
 23.60  0.795
 25.32  0.861
 27.05  0.927
 28.77  0.992
 30.49  1.056
 32.21  1.119
 33.94  1.181
 35.66  1.241
 37.38  1.299
 39.10  1.356
 40.83  1.410
 42.55  1.462
 44.27  1.511
 45.99  1.558
 47.72  1.601
 49.44  1.643
 51.16  1.709
 52.88  1.776
 54.60  1.824
 56.33  1.882
 58.05  1.936
 59.77  1.969
 61.49  2.008
 63.22  2.064
 64.94  2.124
 66.66  2.186
 68.38  2.249
 70.11  2.314
 71.83  2.379
 73.55  2.444
 75.27  2.507
 76.99  2.568
 78.72  2.627
 80.44  2.682
 82.16  2.733
 83.88  2.779
 85.61  2.820
 87.33  2.854
 89.05  2.884
 90.77  2.913
 92.50  2.943
 94.22  2.975
 95.94  3.009
 97.66  3.045
 99.38  3.084
101.11  3.124
102.83  3.165
104.55  3.209
106.27  3.254
108.00  3.300
109.72  3.348
111.44  3.397
113.16  3.448
114.89  3.499
116.61  3.552
118.33  3.605
120.05  3.659
121.77  3.714
123.50  3.770
125.22  3.826
126.94  3.883
128.66  3.941
130.39  3.998
132.11  4.056
133.83  4.114
135.55  4.172
137.28  4.230
139.00  4.288
140.72  4.345
142.44  4.403
144.17  4.460
145.89  4.516
147.61  4.572
149.33  4.627
151.05  4.682
152.78  4.736
154.50  4.788
156.22  4.840
157.94  4.891
159.67  4.940
161.39  4.989
163.11  5.036
164.83  5.081
166.56  5.125
168.28  5.167
170.00  5.208
