-100.00 47.646
-36.00 47.646
-13.20 47.646
-12.00 27.646
-10.79 26.778
 -9.58 25.925
 -8.36 25.103
 -7.15 24.327
 -5.94 23.612
 -4.73 22.975
 -3.52 22.437
 -2.30 22.021
 -1.09 21.749
  0.00 21.646
  0.86 21.658
  2.07 21.679
  3.29 21.711
  4.50 21.752
  5.72 21.792
  6.93 21.834
  8.15 21.886
  9.37 21.936
 10.58 21.987
 11.80 22.037
 13.01 22.088
 14.23 22.139
 15.44 22.190
 16.66 22.241
 17.88 22.291
 19.09 22.340
 20.31 22.388
 21.52 22.436
 22.74 22.483
 23.96 22.528
 25.17 22.572
 26.39 22.614
 27.60 22.655
 28.82 22.694
 30.03 22.732
 31.25 22.767
 32.47 22.800
 33.68 22.831
 34.90 22.859
 36.11 22.895
 37.33 22.936
 38.54 22.977
 39.76 23.019
 40.98 23.054
 42.19 23.077
 43.41 23.102
 44.62 23.136
 45.84 23.173
 47.05 23.211
 48.27 23.251
 49.49 23.292
 50.70 23.334
 51.92 23.376
 53.13 23.418
 54.35 23.459
 55.56 23.500
 56.78 23.540
 58.00 23.578
 59.21 23.614
 60.43 23.648
 61.64 23.680
 62.86 23.710
 64.08 23.740
 65.29 23.771
 66.51 23.805
 67.72 23.839
 68.94 23.876
 70.15 23.914
 71.37 23.954
 72.59 23.995
 73.80 24.038
 75.02 24.082
 76.23 24.127
 77.45 24.173
 78.66 24.220
 79.88 24.269
 81.10 24.318
 82.31 24.368
 83.53 24.420
 84.74 24.472
 85.96 24.524
 87.17 24.577
 88.39 24.631
 89.61 24.686
 90.82 24.740
 92.04 24.795
 93.25 24.851
 94.47 24.906
 95.68 24.962
 96.90 25.018
 98.12 25.074
 99.33 25.129
100.55 25.185
101.76 25.240
102.98 25.295
104.20 25.350
105.41 25.405
106.63 25.459
107.84 25.512
109.06 25.565
110.27 25.617
111.49 25.668
112.71 25.719
113.92 25.769
115.14 25.817
116.35 25.865
117.57 25.912
118.78 25.957
120.00 26.001
