-100.00 49.585
-43.50 49.585
-15.95 49.585
-14.50 29.585
-13.04 28.717
-11.57 27.864
-10.11 27.042
 -8.64 26.266
 -7.18 25.551
 -5.71 24.914
 -4.25 24.376
 -2.78 23.960
 -1.32 23.688
  0.00 23.585
  1.03 23.597
  2.50 23.622
  3.97 23.655
  5.44 23.694
  6.91 23.743
  8.38 23.786
  9.85 23.840
 11.32 23.894
 12.79 23.948
 14.26 24.002
 15.72 24.057
 17.19 24.111
 18.66 24.165
 20.13 24.219
 21.60 24.272
 23.07 24.325
 24.54 24.376
 26.01 24.427
 27.48 24.477
 28.95 24.525
 30.41 24.573
 31.88 24.618
 33.35 24.662
 34.82 24.704
 36.29 24.744
 37.76 24.782
 39.23 24.818
 40.70 24.851
 42.17 24.883
 43.64 24.924
 45.11 24.970
 46.57 25.013
 48.04 25.058
 49.51 25.097
 50.98 25.121
 52.45 25.149
 53.92 25.188
 55.39 25.229
 56.86 25.272
 58.33 25.316
 59.80 25.362
 61.26 25.408
 62.73 25.455
 64.20 25.501
 65.67 25.546
 67.14 25.591
 68.61 25.633
 70.08 25.674
 71.55 25.712
 73.02 25.747
 74.49 25.780
 75.96 25.810
 77.42 25.839
 78.89 25.871
 80.36 25.904
 81.83 25.938
 83.30 25.975
 84.77 26.013
 86.24 26.053
 87.71 26.094
 89.18 26.137
 90.65 26.181
 92.11 26.226
 93.58 26.273
 95.05 26.321
 96.52 26.369
 97.99 26.419
 99.46 26.470
100.93 26.522
102.40 26.574
103.87 26.627
105.34 26.681
106.80 26.735
108.27 26.790
109.74 26.845
111.21 26.901
112.68 26.956
114.15 27.013
115.62 27.069
117.09 27.125
118.56 27.181
120.03 27.237
121.50 27.293
122.96 27.349
124.43 27.404
125.90 27.459
127.37 27.514
128.84 27.568
130.31 27.621
131.78 27.674
133.25 27.726
134.72 27.778
136.19 27.828
137.65 27.877
139.12 27.926
140.59 27.973
142.06 28.019
143.53 28.064
145.00 28.108
