-100.00 48.725
-39.00 48.725
-14.30 48.725
-13.00 28.725
-11.69 27.857
-10.37 27.004
 -9.06 26.182
 -7.75 25.406
 -6.43 24.691
 -5.12 24.054
 -3.81 23.516
 -2.49 23.100
 -1.18 22.828
  0.00 22.725
  0.93 22.737
  2.24 22.758
  3.56 22.790
  4.88 22.831
  6.20 22.871
  7.51 22.913
  8.83 22.965
 10.15 23.015
 11.46 23.066
 12.78 23.116
 14.10 23.167
 15.41 23.218
 16.73 23.269
 18.05 23.320
 19.37 23.370
 20.68 23.419
 22.00 23.467
 23.32 23.515
 24.63 23.562
 25.95 23.607
 27.27 23.651
 28.59 23.693
 29.90 23.734
 31.22 23.773
 32.54 23.811
 33.85 23.846
 35.17 23.879
 36.49 23.910
 37.81 23.939
 39.12 23.974
 40.44 24.015
 41.76 24.056
 43.07 24.098
 44.39 24.133
 45.71 24.156
 47.02 24.181
 48.34 24.215
 49.66 24.252
 50.98 24.290
 52.29 24.330
 53.61 24.371
 54.93 24.413
 56.24 24.455
 57.56 24.497
 58.88 24.538
 60.20 24.579
 61.51 24.619
 62.83 24.657
 64.15 24.693
 65.46 24.727
 66.78 24.759
 68.10 24.789
 69.41 24.819
 70.73 24.850
 72.05 24.883
 73.37 24.918
 74.68 24.955
 76.00 24.993
 77.32 25.033
 78.63 25.074
 79.95 25.117
 81.27 25.161
 82.59 25.206
 83.90 25.252
 85.22 25.299
 86.54 25.348
 87.85 25.397
 89.17 25.448
 90.49 25.499
 91.80 25.551
 93.12 25.603
 94.44 25.656
 95.76 25.710
 97.07 25.764
 98.39 25.819
 99.71 25.874
101.02 25.930
102.34 25.985
103.66 26.041
104.98 26.097
106.29 26.153
107.61 26.208
108.93 26.264
110.24 26.319
111.56 26.374
112.88 26.429
114.20 26.484
115.51 26.538
116.83 26.591
118.15 26.644
119.46 26.696
120.78 26.747
122.10 26.798
123.41 26.848
124.73 26.896
126.05 26.944
127.37 26.991
128.68 27.036
130.00 27.080
