-100.00 26.000
-46.50 26.000
-17.05 26.000
-15.50  6.000
-13.93  5.132
-12.37  4.279
-10.80  3.457
 -9.24  2.681
 -7.67  1.966
 -6.11  1.329
 -4.54  0.791
 -2.97  0.375
 -1.41  0.103
  0.00 -0.000
  1.11  0.013
  2.68  0.045
  4.25  0.079
  5.82  0.113
  7.39  0.179
  8.96  0.224
 10.53  0.282
 12.10  0.343
 13.67  0.404
 15.24  0.464
 16.81  0.525
 18.38  0.585
 19.95  0.645
 21.52  0.704
 23.09  0.763
 24.66  0.822
 26.23  0.879
 27.80  0.936
 29.37  0.992
 30.94  1.046
 32.51  1.099
 34.08  1.150
 35.65  1.199
 37.22  1.247
 38.79  1.292
 40.36  1.335
 41.93  1.376
 43.50  1.413
 45.08  1.449
 46.65  1.502
 48.22  1.557
 49.79  1.602
 51.36  1.652
 52.93  1.698
 54.50  1.726
 56.07  1.759
 57.64  1.805
 59.21  1.854
 60.78  1.906
 62.35  1.959
 63.92  2.013
 65.49  2.067
 67.06  2.122
 68.63  2.175
 70.20  2.228
 71.77  2.278
 73.34  2.326
 74.91  2.372
 76.48  2.413
 78.05  2.451
 79.62  2.484
 81.19  2.514
 82.76  2.543
 84.33  2.574
 85.90  2.606
 87.47  2.641
 89.05  2.677
 90.62  2.716
 92.19  2.756
 93.76  2.797
 95.33  2.840
 96.90  2.885
 98.47  2.930
100.04  2.978
101.61  3.026
103.18  3.075
104.75  3.126
106.32  3.177
107.89  3.230
109.46  3.283
111.03  3.337
112.60  3.392
114.17  3.447
115.74  3.503
117.31  3.559
118.88  3.615
120.45  3.672
122.02  3.729
123.59  3.786
125.16  3.843
126.73  3.899
128.30  3.956
129.87  4.013
131.44  4.069
133.02  4.125
134.59  4.180
136.16  4.235
137.73  4.290
139.30  4.343
140.87  4.396
142.44  4.448
144.01  4.499
145.58  4.549
147.15  4.598
148.72  4.646
150.29  4.692
151.86  4.737
153.43  4.781
155.00  4.823
