-100.00 26.000
-58.50 26.000
-21.45 26.000
-19.50  6.000
-17.53  5.132
-15.56  4.279
-13.59  3.457
-11.62  2.681
 -9.65  1.966
 -7.68  1.329
 -5.71  0.791
 -3.74  0.375
 -1.77  0.103
  0.00  0.000
  1.39  0.013
  3.37  0.056
  5.34  0.092
  7.32  0.120
  9.29  0.212
 11.27  0.259
 13.24  0.323
 15.22  0.394
 17.20  0.466
 19.17  0.536
 21.15  0.606
 23.12  0.675
 25.10  0.744
 27.07  0.812
 29.05  0.880
 31.02  0.947
 33.00  1.014
 34.98  1.079
 36.95  1.144
 38.93  1.207
 40.90  1.269
 42.88  1.328
 44.85  1.386
 46.83  1.442
 48.81  1.495
 50.78  1.546
 52.76  1.593
 54.73  1.638
 56.71  1.680
 58.68  1.750
 60.66  1.818
 62.63  1.867
 64.61  1.927
 66.59  1.982
 68.56  2.016
 70.54  2.056
 72.51  2.114
 74.49  2.176
 76.46  2.240
 78.44  2.306
 80.41  2.373
 82.39  2.440
 84.37  2.506
 86.34  2.571
 88.32  2.634
 90.29  2.695
 92.27  2.751
 94.24  2.803
 96.22  2.850
 98.20  2.891
100.17  2.926
102.15  2.956
104.12  2.984
106.10  3.014
108.07  3.046
110.05  3.080
112.02  3.117
114.00  3.155
115.98  3.195
117.95  3.237
119.93  3.280
121.90  3.325
123.88  3.372
125.85  3.420
127.83  3.469
129.81  3.520
131.78  3.571
133.76  3.624
135.73  3.678
137.71  3.732
139.68  3.787
141.66  3.844
143.63  3.900
145.61  3.957
147.59  4.015
149.56  4.072
151.54  4.130
153.51  4.188
155.49  4.247
157.46  4.305
159.44  4.363
161.41  4.421
163.39  4.478
165.37  4.535
167.34  4.592
169.32  4.648
171.29  4.703
173.27  4.758
175.24  4.812
177.22  4.864
179.20  4.916
181.17  4.967
183.15  5.016
185.12  5.064
187.10  5.111
189.07  5.156
191.05  5.200
193.02  5.242
195.00  5.283
