-100.00 26.000
-52.50 26.000
-19.25 26.000
-17.50  6.000
-15.73  5.132
-13.96  4.279
-12.20  3.457
-10.43  2.681
 -8.66  1.966
 -6.89  1.329
 -5.13  0.791
 -3.36  0.375
 -1.59  0.103
  0.00 -0.000
  1.25  0.014
  3.02  0.056
  4.79  0.092
  6.57  0.120
  8.34  0.212
 10.11  0.259
 11.89  0.323
 13.66  0.395
 15.43  0.466
 17.20  0.536
 18.98  0.606
 20.75  0.675
 22.52  0.744
 24.30  0.812
 26.07  0.880
 27.84  0.947
 29.62  1.014
 31.39  1.079
 33.16  1.144
 34.93  1.207
 36.71  1.269
 38.48  1.328
 40.25  1.386
 42.03  1.442
 43.80  1.495
 45.57  1.546
 47.35  1.593
 49.12  1.638
 50.89  1.680
 52.66  1.750
 54.44  1.818
 56.21  1.867
 57.98  1.927
 59.76  1.982
 61.53  2.016
 63.30  2.056
 65.08  2.114
 66.85  2.176
 68.62  2.240
 70.39  2.306
 72.17  2.373
 73.94  2.440
 75.71  2.506
 77.49  2.571
 79.26  2.634
 81.03  2.695
 82.81  2.751
 84.58  2.803
 86.35  2.850
 88.12  2.891
 89.90  2.926
 91.67  2.956
 93.44  2.984
 95.22  3.014
 96.99  3.046
 98.76  3.080
100.53  3.117
102.31  3.155
104.08  3.195
105.85  3.237
107.63  3.280
109.40  3.325
111.17  3.372
112.95  3.420
114.72  3.469
116.49  3.520
118.26  3.571
120.04  3.624
121.81  3.678
123.58  3.732
125.36  3.787
127.13  3.844
128.90  3.900
130.68  3.957
132.45  4.015
134.22  4.072
135.99  4.130
137.77  4.188
139.54  4.247
141.31  4.305
143.09  4.363
144.86  4.421
146.63  4.478
148.41  4.535
150.18  4.592
151.95  4.648
153.72  4.703
155.50  4.758
157.27  4.812
159.04  4.864
160.82  4.916
162.59  4.967
164.36  5.016
166.14  5.064
167.91  5.111
169.68  5.156
171.45  5.200
173.23  5.242
175.00  5.283
