-100.00 26.000
-55.50 26.000
-20.35 26.000
-18.50  6.000
-16.63  5.132
-14.76  4.279
-12.89  3.457
-11.03  2.681
 -9.16  1.966
 -7.29  1.329
 -5.42  0.791
 -3.55  0.375
 -1.68  0.103
  0.00  0.000
  1.32  0.014
  3.19  0.056
  5.07  0.092
  6.94  0.120
  8.82  0.212
 10.69  0.259
 12.57  0.323
 14.44  0.395
 16.31  0.465
 18.19  0.536
 20.06  0.606
 21.94  0.675
 23.81  0.744
 25.69  0.812
 27.56  0.880
 29.43  0.947
 31.31  1.014
 33.18  1.079
 35.06  1.144
 36.93  1.207
 38.81  1.269
 40.68  1.328
 42.55  1.386
 44.43  1.442
 46.30  1.495
 48.18  1.546
 50.05  1.593
 51.93  1.638
 53.80  1.680
 55.67  1.750
 57.55  1.818
 59.42  1.867
 61.30  1.927
 63.17  1.982
 65.05  2.016
 66.92  2.056
 68.79  2.114
 70.67  2.176
 72.54  2.240
 74.42  2.306
 76.29  2.373
 78.17  2.440
 80.04  2.506
 81.91  2.571
 83.79  2.634
 85.66  2.695
 87.54  2.751
 89.41  2.803
 91.29  2.850
 93.16  2.891
 95.03  2.926
 96.91  2.956
 98.78  2.984
100.66  3.014
102.53  3.046
104.41  3.080
106.28  3.117
108.15  3.155
110.03  3.195
111.90  3.237
113.78  3.280
115.65  3.325
117.53  3.372
119.40  3.420
121.27  3.469
123.15  3.520
125.02  3.571
126.90  3.624
128.77  3.678
130.65  3.732
132.52  3.788
134.39  3.843
136.27  3.900
138.14  3.957
140.02  4.014
141.89  4.072
143.77  4.130
145.64  4.188
147.51  4.247
149.39  4.305
151.26  4.363
153.14  4.421
155.01  4.478
156.89  4.535
158.76  4.592
160.63  4.648
162.51  4.703
164.38  4.758
166.26  4.812
168.13  4.864
170.01  4.916
171.88  4.967
173.75  5.016
175.63  5.064
177.50  5.111
179.38  5.157
181.25  5.200
183.13  5.242
185.00  5.282
