-100.00 26.000
-54.00 26.000
-19.80 26.000
-18.00  6.000
-16.18  5.132
-14.36  4.279
-12.55  3.457
-10.73  2.681
 -8.91  1.966
 -7.09  1.329
 -5.27  0.791
 -3.45  0.375
 -1.64  0.103
  0.00  0.000
  1.28  0.014
  3.11  0.056
  4.93  0.092
  6.75  0.120
  8.58  0.212
 10.40  0.259
 12.23  0.323
 14.05  0.395
 15.87  0.465
 17.70  0.536
 19.52  0.606
 21.34  0.675
 23.17  0.744
 24.99  0.812
 26.81  0.880
 28.64  0.947
 30.46  1.014
 32.29  1.079
 34.11  1.144
 35.93  1.207
 37.76  1.269
 39.58  1.328
 41.40  1.386
 43.23  1.442
 45.05  1.495
 46.87  1.546
 48.70  1.593
 50.52  1.638
 52.35  1.680
 54.17  1.750
 55.99  1.818
 57.82  1.867
 59.64  1.927
 61.46  1.982
 63.29  2.016
 65.11  2.056
 66.93  2.114
 68.76  2.176
 70.58  2.240
 72.41  2.306
 74.23  2.373
 76.05  2.440
 77.88  2.506
 79.70  2.571
 81.52  2.634
 83.35  2.695
 85.17  2.751
 86.99  2.803
 88.82  2.850
 90.64  2.891
 92.47  2.926
 94.29  2.956
 96.11  2.984
 97.94  3.014
 99.76  3.046
101.58  3.080
103.41  3.117
105.23  3.155
107.05  3.195
108.88  3.237
110.70  3.280
112.53  3.325
114.35  3.372
116.17  3.420
118.00  3.469
119.82  3.520
121.64  3.571
123.47  3.624
125.29  3.678
127.11  3.732
128.94  3.788
130.76  3.843
132.59  3.900
134.41  3.957
136.23  4.014
138.06  4.072
139.88  4.130
141.70  4.188
143.53  4.247
145.35  4.305
147.17  4.363
149.00  4.421
150.82  4.478
152.65  4.535
154.47  4.592
156.29  4.648
158.12  4.703
159.94  4.758
161.76  4.812
163.59  4.864
165.41  4.916
167.23  4.967
169.06  5.016
170.88  5.064
172.71  5.111
174.53  5.157
176.35  5.200
178.18  5.242
180.00  5.282
