-100.00 26.000
-42.00 26.000
-15.40 26.000
-14.00  6.000
-12.59  5.132
-11.17  4.279
 -9.76  3.457
 -8.34  2.681
 -6.93  1.966
 -5.52  1.329
 -4.10  0.791
 -2.69  0.375
 -1.27  0.103
  0.00  0.000
  1.00  0.012
  2.42  0.033
  3.84  0.065
  5.25  0.106
  6.67  0.146
  8.09  0.188
  9.51  0.240
 10.93  0.290
 12.35  0.341
 13.76  0.391
 15.18  0.442
 16.60  0.493
 18.02  0.544
 19.44  0.595
 20.86  0.645
 22.27  0.694
 23.69  0.743
 25.11  0.790
 26.53  0.837
 27.95  0.882
 29.37  0.926
 30.78  0.969
 32.20  1.009
 33.62  1.049
 35.04  1.086
 36.46  1.121
 37.88  1.154
 39.29  1.185
 40.71  1.214
 42.13  1.249
 43.55  1.291
 44.97  1.332
 46.39  1.373
 47.81  1.409
 49.22  1.431
 50.64  1.456
 52.06  1.491
 53.48  1.527
 54.90  1.566
 56.32  1.606
 57.73  1.647
 59.15  1.688
 60.57  1.730
 61.99  1.772
 63.41  1.814
 64.83  1.855
 66.24  1.894
 67.66  1.932
 69.08  1.969
 70.50  2.003
 71.92  2.034
 73.34  2.064
 74.75  2.094
 76.17  2.126
 77.59  2.159
 79.01  2.194
 80.43  2.231
 81.85  2.269
 83.26  2.309
 84.68  2.350
 86.10  2.392
 87.52  2.436
 88.94  2.481
 90.36  2.528
 91.77  2.575
 93.19  2.623
 94.61  2.673
 96.03  2.723
 97.45  2.774
 98.87  2.826
100.29  2.879
101.70  2.932
103.12  2.986
104.54  3.040
105.96  3.095
107.38  3.150
108.80  3.205
110.21  3.261
111.63  3.317
113.05  3.372
114.47  3.428
115.89  3.484
117.31  3.539
118.72  3.595
120.14  3.650
121.56  3.705
122.98  3.759
124.40  3.813
125.82  3.867
127.23  3.919
128.65  3.972
130.07  4.023
131.49  4.074
132.91  4.123
134.33  4.172
135.74  4.220
137.16  4.266
138.58  4.312
140.00  4.356
