-100.00 26.000
-31.50 26.000
-11.55 26.000
-10.50  6.000
 -9.44  5.132
 -8.38  4.279
 -7.32  3.457
 -6.26  2.681
 -5.20  1.966
 -4.14  1.329
 -3.08  0.791
 -2.02  0.375
 -0.95  0.103
  0.00  0.000
  0.75  0.012
  1.81  0.033
  2.88  0.065
  3.94  0.106
  5.00  0.146
  6.07  0.188
  7.13  0.240
  8.20  0.290
  9.26  0.341
 10.32  0.391
 11.39  0.442
 12.45  0.493
 13.51  0.544
 14.58  0.595
 15.64  0.645
 16.71  0.694
 17.77  0.742
 18.83  0.790
 19.90  0.837
 20.96  0.882
 22.02  0.926
 23.09  0.968
 24.15  1.009
 25.22  1.048
 26.28  1.086
 27.34  1.121
 28.41  1.154
 29.47  1.185
 30.53  1.213
 31.60  1.249
 32.66  1.290
 33.73  1.331
 34.79  1.373
 35.85  1.408
 36.92  1.431
 37.98  1.456
 39.05  1.490
 40.11  1.527
 41.17  1.565
 42.24  1.605
 43.30  1.646
 44.36  1.688
 45.43  1.730
 46.49  1.772
 47.56  1.813
 48.62  1.854
 49.68  1.894
 50.75  1.932
 51.81  1.968
 52.87  2.002
 53.94  2.034
 55.00  2.064
 56.07  2.094
 57.13  2.125
 58.19  2.159
 59.26  2.193
 60.32  2.230
 61.38  2.268
 62.45  2.308
 63.51  2.349
 64.58  2.392
 65.64  2.436
 66.70  2.481
 67.77  2.527
 68.83  2.574
 69.90  2.623
 70.96  2.672
 72.02  2.723
 73.09  2.774
 74.15  2.826
 75.21  2.878
 76.28  2.931
 77.34  2.985
 78.41  3.040
 79.47  3.094
 80.53  3.149
 81.60  3.205
 82.66  3.260
 83.72  3.316
 84.79  3.372
 85.85  3.428
 86.92  3.483
 87.98  3.539
 89.04  3.594
 90.11  3.649
 91.17  3.704
 92.23  3.759
 93.30  3.813
 94.36  3.866
 95.43  3.919
 96.49  3.971
 97.55  4.022
 98.62  4.073
 99.68  4.123
100.74  4.171
101.81  4.219
102.87  4.266
103.94  4.311
105.00  4.355
