-100.00 26.000
-48.00 26.000
-17.60 26.000
-16.00  6.000
-14.38  5.132
-12.77  4.279
-11.15  3.457
 -9.54  2.681
 -7.92  1.966
 -6.30  1.329
 -4.69  0.791
 -3.07  0.375
 -1.45  0.103
  0.00  0.000
  1.14  0.013
  2.76  0.048
  4.38  0.083
  6.00  0.115
  7.63  0.189
  9.25  0.234
 10.87  0.294
 12.49  0.358
 14.11  0.422
 15.73  0.486
 17.35  0.549
 18.97  0.612
 20.59  0.674
 22.21  0.736
 23.84  0.798
 25.46  0.859
 27.08  0.919
 28.70  0.979
 30.32  1.037
 31.94  1.094
 33.56  1.149
 35.18  1.203
 36.80  1.255
 38.42  1.305
 40.05  1.352
 41.67  1.398
 43.29  1.440
 44.91  1.480
 46.53  1.518
 48.15  1.575
 49.77  1.634
 51.39  1.680
 53.01  1.734
 54.63  1.782
 56.26  1.812
 57.88  1.847
 59.50  1.897
 61.12  1.950
 62.74  2.005
 64.36  2.062
 65.98  2.120
 67.60  2.178
 69.22  2.236
 70.84  2.293
 72.47  2.348
 74.09  2.402
 75.71  2.452
 77.33  2.500
 78.95  2.543
 80.57  2.581
 82.19  2.615
 83.81  2.645
 85.43  2.674
 87.05  2.704
 88.68  2.737
 90.30  2.771
 91.92  2.808
 93.54  2.846
 95.16  2.886
 96.78  2.928
 98.40  2.971
100.02  3.015
101.64  3.061
103.26  3.109
104.89  3.158
106.51  3.207
108.13  3.258
109.75  3.310
111.37  3.363
112.99  3.416
114.61  3.471
116.23  3.526
117.85  3.581
119.47  3.637
121.10  3.694
122.72  3.751
124.34  3.808
125.96  3.865
127.58  3.922
129.20  3.980
130.82  4.037
132.44  4.094
134.06  4.151
135.68  4.207
137.31  4.263
138.93  4.319
140.55  4.374
142.17  4.429
143.79  4.482
145.41  4.535
147.03  4.587
148.65  4.638
150.27  4.688
151.89  4.736
153.52  4.784
155.14  4.830
156.76  4.875
158.38  4.918
160.00  4.960
