-100.00 47.010
-34.50 47.010
-12.65 47.010
-11.50 27.010
-10.34 26.142
 -9.18 25.289
 -8.02 24.467
 -6.85 23.691
 -5.69 22.976
 -4.53 22.339
 -3.37 21.801
 -2.21 21.385
 -1.05 21.113
  0.00 21.010
  0.82 21.022
  1.99 21.043
  3.15 21.075
  4.32 21.116
  5.48 21.156
  6.65 21.198
  7.81 21.250
  8.98 21.300
 10.14 21.351
 11.31 21.401
 12.47 21.452
 13.64 21.503
 14.80 21.554
 15.97 21.605
 17.13 21.655
 18.30 21.704
 19.46 21.752
 20.63 21.800
 21.79 21.846
 22.96 21.892
 24.12 21.936
 25.29 21.978
 26.45 22.019
 27.62 22.058
 28.78 22.096
 29.95 22.131
 31.11 22.164
 32.28 22.195
 33.44 22.224
 34.61 22.259
 35.77 22.300
 36.94 22.342
 38.10 22.383
 39.27 22.418
 40.43 22.441
 41.60 22.466
 42.76 22.500
 43.93 22.537
 45.09 22.575
 46.26 22.615
 47.42 22.656
 48.59 22.698
 49.75 22.740
 50.92 22.782
 52.08 22.823
 53.25 22.864
 54.41 22.904
 55.58 22.942
 56.74 22.978
 57.91 23.012
 59.08 23.044
 60.24 23.074
 61.41 23.104
 62.57 23.135
 63.74 23.169
 64.90 23.203
 66.07 23.240
 67.23 23.278
 68.40 23.318
 69.56 23.359
 70.73 23.402
 71.89 23.446
 73.06 23.491
 74.22 23.537
 75.39 23.584
 76.55 23.633
 77.72 23.682
 78.88 23.733
 80.05 23.784
 81.21 23.836
 82.38 23.888
 83.54 23.941
 84.71 23.995
 85.87 24.050
 87.04 24.104
 88.20 24.159
 89.37 24.215
 90.53 24.270
 91.70 24.326
 92.86 24.382
 94.03 24.438
 95.19 24.493
 96.36 24.549
 97.52 24.604
 98.69 24.659
 99.85 24.714
101.02 24.769
102.18 24.823
103.35 24.876
104.51 24.929
105.68 24.981
106.84 25.032
108.01 25.083
109.17 25.133
110.34 25.181
111.50 25.229
112.67 25.276
113.83 25.321
115.00 25.365
