-100.00 50.815
-52.50 50.815
-19.25 50.815
-17.50 30.815
-15.73 29.947
-13.96 29.094
-12.20 28.272
-10.43 27.496
 -8.66 26.781
 -6.89 26.144
 -5.13 25.606
 -3.36 25.190
 -1.59 24.918
  0.00 24.815
  1.25 24.829
  3.02 24.871
  4.79 24.907
  6.57 24.935
  8.34 25.027
 10.11 25.074
 11.89 25.138
 13.66 25.210
 15.43 25.281
 17.20 25.351
 18.98 25.421
 20.75 25.490
 22.52 25.559
 24.30 25.627
 26.07 25.695
 27.84 25.762
 29.62 25.829
 31.39 25.894
 33.16 25.959
 34.93 26.022
 36.71 26.084
 38.48 26.143
 40.25 26.201
 42.03 26.257
 43.80 26.310
 45.57 26.361
 47.35 26.408
 49.12 26.453
 50.89 26.495
 52.66 26.565
 54.44 26.633
 56.21 26.682
 57.98 26.742
 59.76 26.797
 61.53 26.831
 63.30 26.871
 65.08 26.929
 66.85 26.991
 68.62 27.055
 70.39 27.121
 72.17 27.188
 73.94 27.255
 75.71 27.321
 77.49 27.386
 79.26 27.449
 81.03 27.510
 82.81 27.566
 84.58 27.618
 86.35 27.665
 88.12 27.706
 89.90 27.741
 91.67 27.771
 93.44 27.799
 95.22 27.829
 96.99 27.861
 98.76 27.895
100.53 27.932
102.31 27.970
104.08 28.010
105.85 28.052
107.63 28.095
109.40 28.140
111.17 28.187
112.95 28.235
114.72 28.284
116.49 28.335
118.26 28.386
120.04 28.439
121.81 28.493
123.58 28.547
125.36 28.602
127.13 28.659
128.90 28.715
130.68 28.772
132.45 28.830
134.22 28.887
135.99 28.945
137.77 29.003
139.54 29.062
141.31 29.120
143.09 29.178
144.86 29.236
146.63 29.293
148.41 29.350
150.18 29.407
151.95 29.463
153.72 29.518
155.50 29.573
157.27 29.627
159.04 29.679
160.82 29.731
162.59 29.782
164.36 29.831
166.14 29.879
167.91 29.926
169.68 29.971
171.45 30.015
173.23 30.057
175.00 30.098
