-100.00 26.000
-57.00 26.000
-20.90 26.000
-19.00  6.000
-17.08  5.132
-15.16  4.279
-13.24  3.457
-11.32  2.681
 -9.40  1.966
 -7.48  1.329
 -5.57  0.791
 -3.65  0.375
 -1.73  0.103
  0.00 -0.000
  1.35  0.014
  3.28  0.056
  5.20  0.092
  7.13  0.120
  9.05  0.212
 10.98  0.259
 12.90  0.323
 14.83  0.395
 16.75  0.466
 18.68  0.536
 20.60  0.606
 22.53  0.675
 24.45  0.744
 26.38  0.812
 28.30  0.880
 30.23  0.947
 32.15  1.014
 34.08  1.079
 36.00  1.144
 37.93  1.207
 39.85  1.269
 41.78  1.328
 43.70  1.386
 45.63  1.442
 47.55  1.495
 49.48  1.546
 51.40  1.593
 53.33  1.638
 55.25  1.680
 57.18  1.750
 59.10  1.818
 61.03  1.867
 62.95  1.927
 64.88  1.982
 66.80  2.016
 68.73  2.056
 70.65  2.114
 72.58  2.176
 74.50  2.240
 76.43  2.306
 78.35  2.373
 80.28  2.440
 82.20  2.506
 84.13  2.571
 86.05  2.634
 87.98  2.695
 89.90  2.751
 91.83  2.803
 93.75  2.850
 95.68  2.891
 97.60  2.926
 99.53  2.956
101.45  2.984
103.38  3.014
105.30  3.046
107.23  3.080
109.15  3.117
111.08  3.155
113.00  3.195
114.93  3.237
116.85  3.280
118.78  3.325
120.70  3.372
122.63  3.420
124.55  3.469
126.48  3.520
128.40  3.571
130.33  3.624
132.25  3.678
134.18  3.732
136.10  3.787
138.03  3.844
139.95  3.900
141.88  3.957
143.80  4.015
145.73  4.072
147.65  4.130
149.58  4.188
151.50  4.247
153.43  4.305
155.35  4.363
157.28  4.421
159.20  4.478
161.13  4.535
163.05  4.592
164.98  4.648
166.90  4.703
168.83  4.758
170.75  4.812
172.68  4.864
174.60  4.916
176.53  4.967
178.45  5.016
180.38  5.064
182.30  5.111
184.23  5.156
186.15  5.200
188.08  5.242
190.00  5.283
