-100.00 26.000
-49.50 26.000
-18.15 26.000
-16.50  6.000
-14.83  5.132
-13.17  4.279
-11.50  3.457
 -9.83  2.681
 -8.17  1.966
 -6.50  1.329
 -4.83  0.791
 -3.17  0.375
 -1.50  0.103
  0.00 -0.000
  1.18  0.013
  2.85  0.051
  4.52  0.086
  6.19  0.117
  7.86  0.198
  9.54  0.244
 11.21  0.306
 12.88  0.373
 14.55  0.439
 16.22  0.506
 17.89  0.571
 19.57  0.637
 21.24  0.702
 22.91  0.766
 24.58  0.830
 26.25  0.894
 27.92  0.957
 29.60  1.018
 31.27  1.079
 32.94  1.139
 34.61  1.197
 36.28  1.253
 37.95  1.307
 39.63  1.359
 41.30  1.409
 42.97  1.456
 44.64  1.501
 46.31  1.543
 47.98  1.582
 49.65  1.644
 51.33  1.707
 53.00  1.754
 54.67  1.810
 56.34  1.861
 58.01  1.893
 59.68  1.930
 61.36  1.983
 63.03  2.039
 64.70  2.098
 66.37  2.158
 68.04  2.220
 69.71  2.282
 71.39  2.343
 73.06  2.403
 74.73  2.462
 76.40  2.518
 78.07  2.571
 79.74  2.620
 81.42  2.665
 83.09  2.704
 84.76  2.738
 86.43  2.768
 88.10  2.797
 89.78  2.827
 91.45  2.860
 93.12  2.894
 94.79  2.930
 96.46  2.968
 98.13  3.008
 99.81  3.050
101.48  3.093
103.15  3.138
104.82  3.185
106.49  3.232
108.16  3.281
109.84  3.331
111.51  3.382
113.18  3.434
114.85  3.488
116.52  3.542
118.19  3.596
119.87  3.652
121.54  3.708
123.21  3.764
124.88  3.821
126.55  3.878
128.22  3.936
129.89  3.993
131.57  4.051
133.24  4.109
134.91  4.166
136.58  4.223
138.25  4.281
139.92  4.337
141.60  4.394
143.27  4.449
144.94  4.505
146.61  4.559
148.28  4.613
149.95  4.666
151.63  4.717
153.30  4.768
154.97  4.818
156.64  4.866
158.31  4.914
159.98  4.959
161.66  5.004
163.33  5.046
165.00  5.088
