-100.00 51.431
-57.00 51.431
-20.90 51.431
-19.00 31.431
-17.08 30.563
-15.16 29.710
-13.24 28.888
-11.32 28.112
 -9.40 27.397
 -7.48 26.760
 -5.57 26.222
 -3.65 25.806
 -1.73 25.534
  0.00 25.431
  1.35 25.445
  3.28 25.487
  5.20 25.523
  7.13 25.551
  9.05 25.643
 10.98 25.690
 12.90 25.754
 14.83 25.826
 16.75 25.897
 18.68 25.967
 20.60 26.037
 22.53 26.106
 24.45 26.175
 26.38 26.243
 28.30 26.311
 30.23 26.378
 32.15 26.445
 34.08 26.510
 36.00 26.575
 37.93 26.638
 39.85 26.700
 41.78 26.759
 43.70 26.817
 45.63 26.873
 47.55 26.926
 49.48 26.977
 51.40 27.024
 53.33 27.069
 55.25 27.111
 57.18 27.181
 59.10 27.249
 61.03 27.298
 62.95 27.358
 64.88 27.413
 66.80 27.447
 68.73 27.487
 70.65 27.545
 72.58 27.607
 74.50 27.671
 76.43 27.737
 78.35 27.804
 80.28 27.871
 82.20 27.937
 84.13 28.002
 86.05 28.065
 87.98 28.126
 89.90 28.182
 91.83 28.234
 93.75 28.281
 95.68 28.322
 97.60 28.357
 99.53 28.387
101.45 28.415
103.38 28.445
105.30 28.477
107.23 28.511
109.15 28.548
111.08 28.586
113.00 28.626
114.93 28.668
116.85 28.711
118.78 28.756
120.70 28.803
122.63 28.851
124.55 28.900
126.48 28.951
128.40 29.002
130.33 29.055
132.25 29.109
134.18 29.163
136.10 29.218
138.03 29.275
139.95 29.331
141.88 29.388
143.80 29.446
145.73 29.503
147.65 29.561
149.58 29.619
151.50 29.678
153.43 29.736
155.35 29.794
157.28 29.852
159.20 29.909
161.13 29.966
163.05 30.023
164.98 30.079
166.90 30.134
168.83 30.189
170.75 30.243
172.68 30.295
174.60 30.347
176.53 30.398
178.45 30.447
180.38 30.495
182.30 30.542
184.23 30.587
186.15 30.631
188.08 30.673
190.00 30.714
