-100.00 26.000
-33.00 26.000
-12.10 26.000
-11.00  6.000
 -9.89  5.132
 -8.78  4.279
 -7.67  3.457
 -6.56  2.681
 -5.44  1.966
 -4.33  1.329
 -3.22  0.791
 -2.11  0.375
 -1.00  0.103
  0.00  0.000
  0.78  0.012
  1.90  0.033
  3.01  0.065
  4.13  0.106
  5.24  0.146
  6.36  0.188
  7.47  0.240
  8.59  0.290
  9.70  0.341
 10.81  0.391
 11.93  0.442
 13.04  0.493
 14.16  0.544
 15.27  0.595
 16.39  0.645
 17.50  0.694
 18.62  0.742
 19.73  0.790
 20.84  0.836
 21.96  0.882
 23.07  0.926
 24.19  0.968
 25.30  1.009
 26.42  1.048
 27.53  1.086
 28.65  1.121
 29.76  1.154
 30.87  1.185
 31.99  1.213
 33.10  1.249
 34.22  1.290
 35.33  1.332
 36.45  1.373
 37.56  1.408
 38.68  1.431
 39.79  1.456
 40.90  1.490
 42.02  1.527
 43.13  1.565
 44.25  1.605
 45.36  1.646
 46.48  1.688
 47.59  1.730
 48.71  1.772
 49.82  1.813
 50.93  1.854
 52.05  1.894
 53.16  1.932
 54.28  1.968
 55.39  2.002
 56.51  2.034
 57.62  2.064
 58.74  2.094
 59.85  2.125
 60.96  2.159
 62.08  2.193
 63.19  2.230
 64.31  2.268
 65.42  2.308
 66.54  2.349
 67.65  2.392
 68.77  2.436
 69.88  2.481
 70.99  2.527
 72.11  2.574
 73.22  2.623
 74.34  2.672
 75.45  2.723
 76.57  2.774
 77.68  2.826
 78.80  2.878
 79.91  2.931
 81.02  2.985
 82.14  3.040
 83.25  3.094
 84.37  3.149
 85.48  3.205
 86.60  3.260
 87.71  3.316
 88.83  3.372
 89.94  3.427
 91.05  3.483
 92.17  3.539
 93.28  3.594
 94.40  3.649
 95.51  3.704
 96.63  3.759
 97.74  3.813
 98.86  3.866
 99.97  3.919
101.08  3.971
102.20  4.022
103.31  4.073
104.43  4.123
105.54  4.171
106.66  4.219
107.77  4.266
108.89  4.311
110.00  4.355
