-100.00 50.440
-49.50 50.440
-18.15 50.440
-16.50 30.440
-14.83 29.572
-13.17 28.719
-11.50 27.897
 -9.83 27.121
 -8.17 26.406
 -6.50 25.769
 -4.83 25.231
 -3.17 24.815
 -1.50 24.543
  0.00 24.440
  1.18 24.453
  2.85 24.491
  4.52 24.526
  6.19 24.557
  7.86 24.638
  9.54 24.684
 11.21 24.746
 12.88 24.813
 14.55 24.879
 16.22 24.946
 17.89 25.011
 19.57 25.077
 21.24 25.142
 22.91 25.206
 24.58 25.270
 26.25 25.334
 27.92 25.397
 29.60 25.458
 31.27 25.519
 32.94 25.579
 34.61 25.637
 36.28 25.693
 37.95 25.747
 39.63 25.799
 41.30 25.849
 42.97 25.896
 44.64 25.941
 46.31 25.983
 47.98 26.022
 49.65 26.084
 51.33 26.147
 53.00 26.194
 54.67 26.250
 56.34 26.301
 58.01 26.333
 59.68 26.370
 61.36 26.423
 63.03 26.479
 64.70 26.538
 66.37 26.598
 68.04 26.660
 69.71 26.722
 71.39 26.783
 73.06 26.843
 74.73 26.902
 76.40 26.958
 78.07 27.011
 79.74 27.060
 81.42 27.105
 83.09 27.144
 84.76 27.178
 86.43 27.208
 88.10 27.237
 89.78 27.267
 91.45 27.300
 93.12 27.334
 94.79 27.370
 96.46 27.408
 98.13 27.448
 99.81 27.490
101.48 27.533
103.15 27.578
104.82 27.625
106.49 27.672
108.16 27.721
109.84 27.771
111.51 27.822
113.18 27.874
114.85 27.928
116.52 27.982
118.19 28.036
119.87 28.092
121.54 28.148
123.21 28.204
124.88 28.261
126.55 28.318
128.22 28.376
129.89 28.433
131.57 28.491
133.24 28.549
134.91 28.606
136.58 28.663
138.25 28.721
139.92 28.777
141.60 28.834
143.27 28.889
144.94 28.945
146.61 28.999
148.28 29.053
149.95 29.106
151.63 29.157
153.30 29.208
154.97 29.258
156.64 29.306
158.31 29.354
159.98 29.399
161.66 29.444
163.33 29.486
165.00 29.528
