-100.00 26.000
-43.50 26.000
-15.95 26.000
-14.50  6.000
-13.04  5.132
-11.57  4.279
-10.11  3.457
 -8.64  2.681
 -7.18  1.966
 -5.71  1.329
 -4.25  0.791
 -2.78  0.375
 -1.32  0.103
  0.00  0.000
  1.03  0.012
  2.50  0.037
  3.97  0.070
  5.44  0.109
  6.91  0.158
  8.38  0.201
  9.85  0.255
 11.32  0.309
 12.79  0.363
 14.26  0.417
 15.72  0.472
 17.19  0.526
 18.66  0.580
 20.13  0.634
 21.60  0.687
 23.07  0.740
 24.54  0.791
 26.01  0.842
 27.48  0.892
 28.95  0.940
 30.41  0.988
 31.88  1.033
 33.35  1.077
 34.82  1.119
 36.29  1.159
 37.76  1.197
 39.23  1.233
 40.70  1.266
 42.17  1.298
 43.64  1.339
 45.11  1.385
 46.57  1.428
 48.04  1.473
 49.51  1.512
 50.98  1.536
 52.45  1.564
 53.92  1.603
 55.39  1.644
 56.86  1.687
 58.33  1.731
 59.80  1.777
 61.26  1.823
 62.73  1.870
 64.20  1.916
 65.67  1.961
 67.14  2.006
 68.61  2.048
 70.08  2.089
 71.55  2.127
 73.02  2.162
 74.49  2.195
 75.96  2.225
 77.42  2.254
 78.89  2.286
 80.36  2.319
 81.83  2.353
 83.30  2.390
 84.77  2.428
 86.24  2.468
 87.71  2.509
 89.18  2.552
 90.65  2.596
 92.11  2.641
 93.58  2.688
 95.05  2.736
 96.52  2.784
 97.99  2.834
 99.46  2.885
100.93  2.937
102.40  2.989
103.87  3.042
105.34  3.096
106.80  3.150
108.27  3.205
109.74  3.260
111.21  3.316
112.68  3.371
114.15  3.428
115.62  3.484
117.09  3.540
118.56  3.596
120.03  3.652
121.50  3.708
122.96  3.764
124.43  3.819
125.90  3.874
127.37  3.929
128.84  3.983
130.31  4.036
131.78  4.089
133.25  4.141
134.72  4.193
136.19  4.243
137.65  4.292
139.12  4.341
140.59  4.388
142.06  4.434
143.53  4.479
145.00  4.523
