-100.00 49.798
-45.00 49.798
-16.50 49.798
-15.00 29.798
-13.48 28.930
-11.97 28.077
-10.45 27.255
 -8.94 26.479
 -7.42 25.764
 -5.91 25.127
 -4.39 24.589
 -2.88 24.173
 -1.36 23.901
  0.00 23.798
  1.07 23.811
  2.59 23.839
  4.11 23.873
  5.63 23.909
  7.15 23.967
  8.67 24.011
 10.19 24.067
 11.71 24.124
 13.23 24.182
 14.75 24.240
 16.27 24.297
 17.79 24.355
 19.31 24.412
 20.83 24.468
 22.35 24.524
 23.87 24.580
 25.38 24.635
 26.90 24.689
 28.42 24.741
 29.94 24.793
 31.46 24.843
 32.98 24.892
 34.50 24.938
 36.02 24.983
 37.54 25.026
 39.06 25.067
 40.58 25.105
 42.10 25.140
 43.62 25.174
 45.14 25.221
 46.66 25.272
 48.18 25.316
 49.70 25.364
 51.22 25.406
 52.74 25.433
 54.26 25.463
 55.78 25.505
 57.30 25.551
 58.82 25.598
 60.34 25.647
 61.86 25.697
 63.38 25.747
 64.90 25.798
 66.42 25.848
 67.94 25.897
 69.46 25.944
 70.98 25.990
 72.50 26.033
 74.02 26.073
 75.53 26.109
 77.05 26.142
 78.57 26.172
 80.09 26.202
 81.61 26.232
 83.13 26.265
 84.65 26.300
 86.17 26.336
 87.69 26.375
 89.21 26.415
 90.73 26.456
 92.25 26.499
 93.77 26.543
 95.29 26.589
 96.81 26.636
 98.33 26.684
 99.85 26.733
101.37 26.783
102.89 26.834
104.41 26.886
105.93 26.939
107.45 26.992
108.97 27.047
110.49 27.101
112.01 27.157
113.53 27.212
115.05 27.268
116.57 27.325
118.09 27.381
119.61 27.438
121.13 27.494
122.65 27.551
124.17 27.607
125.68 27.664
127.20 27.720
128.72 27.775
130.24 27.830
131.76 27.885
133.28 27.939
134.80 27.993
136.32 28.046
137.84 28.098
139.36 28.149
140.88 28.199
142.40 28.248
143.92 28.296
145.44 28.343
146.96 28.389
148.48 28.433
150.00 28.476
