-100.00 49.088
-40.50 49.088
-14.85 49.088
-13.50 29.088
-12.14 28.220
-10.77 27.367
 -9.41 26.545
 -8.05 25.769
 -6.68 25.054
 -5.32 24.417
 -3.95 23.879
 -2.59 23.463
 -1.23 23.191
  0.00 23.088
  0.96 23.100
  2.33 23.121
  3.70 23.153
  5.07 23.194
  6.43 23.234
  7.80 23.276
  9.17 23.328
 10.54 23.378
 11.90 23.429
 13.27 23.479
 14.64 23.530
 16.01 23.581
 17.38 23.632
 18.74 23.683
 20.11 23.733
 21.48 23.782
 22.85 23.830
 24.21 23.878
 25.58 23.925
 26.95 23.970
 28.32 24.014
 29.69 24.056
 31.05 24.097
 32.42 24.136
 33.79 24.174
 35.16 24.209
 36.52 24.242
 37.89 24.273
 39.26 24.302
 40.63 24.337
 41.99 24.378
 43.36 24.419
 44.73 24.461
 46.10 24.496
 47.47 24.519
 48.83 24.544
 50.20 24.578
 51.57 24.615
 52.94 24.653
 54.30 24.693
 55.67 24.734
 57.04 24.776
 58.41 24.818
 59.78 24.860
 61.14 24.901
 62.51 24.942
 63.88 24.982
 65.25 25.020
 66.61 25.056
 67.98 25.090
 69.35 25.122
 70.72 25.152
 72.08 25.182
 73.45 25.213
 74.82 25.246
 76.19 25.281
 77.56 25.318
 78.92 25.356
 80.29 25.396
 81.66 25.437
 83.03 25.480
 84.39 25.524
 85.76 25.569
 87.13 25.615
 88.50 25.662
 89.87 25.711
 91.23 25.760
 92.60 25.811
 93.97 25.862
 95.34 25.914
 96.70 25.966
 98.07 26.019
 99.44 26.073
100.81 26.127
102.17 26.182
103.54 26.237
104.91 26.293
106.28 26.348
107.65 26.404
109.01 26.460
110.38 26.516
111.75 26.571
113.12 26.627
114.48 26.682
115.85 26.737
117.22 26.792
118.59 26.847
119.96 26.901
121.32 26.954
122.69 27.007
124.06 27.059
125.43 27.110
126.79 27.161
128.16 27.211
129.53 27.259
130.90 27.307
132.26 27.354
133.63 27.399
135.00 27.443
