-100.00 46.111
-33.00 46.111
-12.10 46.111
-11.00 26.111
 -9.89 25.243
 -8.78 24.390
 -7.67 23.568
 -6.56 22.792
 -5.44 22.077
 -4.33 21.440
 -3.22 20.902
 -2.11 20.486
 -1.00 20.214
  0.00 20.111
  0.78 20.123
  1.90 20.144
  3.01 20.176
  4.13 20.217
  5.24 20.257
  6.36 20.299
  7.47 20.351
  8.59 20.401
  9.70 20.452
 10.81 20.502
 11.93 20.553
 13.04 20.604
 14.16 20.655
 15.27 20.706
 16.39 20.756
 17.50 20.805
 18.62 20.853
 19.73 20.901
 20.84 20.947
 21.96 20.993
 23.07 21.037
 24.19 21.079
 25.30 21.120
 26.42 21.159
 27.53 21.197
 28.65 21.232
 29.76 21.265
 30.87 21.296
 31.99 21.325
 33.10 21.360
 34.22 21.401
 35.33 21.443
 36.45 21.484
 37.56 21.519
 38.68 21.542
 39.79 21.567
 40.90 21.601
 42.02 21.638
 43.13 21.676
 44.25 21.716
 45.36 21.757
 46.48 21.799
 47.59 21.841
 48.71 21.883
 49.82 21.924
 50.93 21.965
 52.05 22.005
 53.16 22.043
 54.28 22.079
 55.39 22.113
 56.51 22.145
 57.62 22.175
 58.74 22.205
 59.85 22.236
 60.96 22.270
 62.08 22.304
 63.19 22.341
 64.31 22.379
 65.42 22.419
 66.54 22.460
 67.65 22.503
 68.77 22.547
 69.88 22.592
 70.99 22.638
 72.11 22.685
 73.22 22.734
 74.34 22.783
 75.45 22.834
 76.57 22.885
 77.68 22.937
 78.80 22.989
 79.91 23.042
 81.02 23.096
 82.14 23.151
 83.25 23.205
 84.37 23.260
 85.48 23.316
 86.60 23.371
 87.71 23.427
 88.83 23.483
 89.94 23.538
 91.05 23.594
 92.17 23.650
 93.28 23.705
 94.40 23.760
 95.51 23.815
 96.63 23.870
 97.74 23.924
 98.86 23.977
 99.97 24.030
101.08 24.082
102.20 24.133
103.31 24.184
104.43 24.234
105.54 24.282
106.66 24.330
107.77 24.377
108.89 24.422
110.00 24.466
