-100.00 26.000
-34.50 26.000
-12.65 26.000
-11.50  6.000
-10.34  5.132
 -9.18  4.279
 -8.02  3.457
 -6.85  2.681
 -5.69  1.966
 -4.53  1.329
 -3.37  0.791
 -2.21  0.375
 -1.05  0.103
  0.00  0.000
  0.82  0.012
  1.99  0.033
  3.15  0.065
  4.32  0.106
  5.48  0.146
  6.65  0.188
  7.81  0.240
  8.98  0.290
 10.14  0.341
 11.31  0.391
 12.47  0.442
 13.64  0.493
 14.80  0.544
 15.97  0.595
 17.13  0.645
 18.30  0.694
 19.46  0.742
 20.63  0.790
 21.79  0.836
 22.96  0.882
 24.12  0.926
 25.29  0.968
 26.45  1.009
 27.62  1.048
 28.78  1.086
 29.95  1.121
 31.11  1.154
 32.28  1.185
 33.44  1.213
 34.61  1.249
 35.77  1.290
 36.94  1.332
 38.10  1.373
 39.27  1.408
 40.43  1.431
 41.60  1.456
 42.76  1.490
 43.93  1.527
 45.09  1.565
 46.26  1.605
 47.42  1.646
 48.59  1.688
 49.75  1.730
 50.92  1.772
 52.08  1.813
 53.25  1.854
 54.41  1.894
 55.58  1.932
 56.74  1.968
 57.91  2.002
 59.08  2.034
 60.24  2.064
 61.41  2.094
 62.57  2.125
 63.74  2.159
 64.90  2.193
 66.07  2.230
 67.23  2.268
 68.40  2.308
 69.56  2.349
 70.73  2.392
 71.89  2.436
 73.06  2.481
 74.22  2.527
 75.39  2.574
 76.55  2.623
 77.72  2.672
 78.88  2.723
 80.05  2.774
 81.21  2.826
 82.38  2.878
 83.54  2.931
 84.71  2.985
 85.87  3.040
 87.04  3.094
 88.20  3.149
 89.37  3.205
 90.53  3.260
 91.70  3.316
 92.86  3.372
 94.03  3.427
 95.19  3.483
 96.36  3.539
 97.52  3.594
 98.69  3.649
 99.85  3.704
101.02  3.759
102.18  3.813
103.35  3.866
104.51  3.919
105.68  3.971
106.84  4.022
108.01  4.073
109.17  4.123
110.34  4.171
111.50  4.219
112.67  4.266
113.83  4.311
115.00  4.355
