-100.00 50.988
-54.00 50.988
-19.80 50.988
-18.00 30.988
-16.18 30.120
-14.36 29.267
-12.55 28.445
-10.73 27.669
 -8.91 26.954
 -7.09 26.317
 -5.27 25.779
 -3.45 25.363
 -1.64 25.091
  0.00 24.988
  1.28 25.002
  3.11 25.044
  4.93 25.080
  6.75 25.108
  8.58 25.200
 10.40 25.247
 12.23 25.311
 14.05 25.383
 15.87 25.453
 17.70 25.524
 19.52 25.594
 21.34 25.663
 23.17 25.732
 24.99 25.800
 26.81 25.868
 28.64 25.935
 30.46 26.002
 32.29 26.067
 34.11 26.132
 35.93 26.195
 37.76 26.257
 39.58 26.316
 41.40 26.374
 43.23 26.430
 45.05 26.483
 46.87 26.534
 48.70 26.581
 50.52 26.626
 52.35 26.668
 54.17 26.738
 55.99 26.806
 57.82 26.855
 59.64 26.915
 61.46 26.970
 63.29 27.004
 65.11 27.044
 66.93 27.102
 68.76 27.164
 70.58 27.228
 72.41 27.294
 74.23 27.361
 76.05 27.428
 77.88 27.494
 79.70 27.559
 81.52 27.622
 83.35 27.683
 85.17 27.739
 86.99 27.791
 88.82 27.838
 90.64 27.879
 92.47 27.914
 94.29 27.944
 96.11 27.972
 97.94 28.002
 99.76 28.034
101.58 28.068
103.41 28.105
105.23 28.143
107.05 28.183
108.88 28.225
110.70 28.268
112.53 28.313
114.35 28.360
116.17 28.408
118.00 28.457
119.82 28.508
121.64 28.559
123.47 28.612
125.29 28.666
127.11 28.720
128.94 28.776
130.76 28.831
132.59 28.888
134.41 28.945
136.23 29.002
138.06 29.060
139.88 29.118
141.70 29.176
143.53 29.235
145.35 29.293
147.17 29.351
149.00 29.409
150.82 29.466
152.65 29.523
154.47 29.580
156.29 29.636
158.12 29.691
159.94 29.746
161.76 29.800
163.59 29.852
165.41 29.904
167.23 29.955
169.06 30.004
170.88 30.052
172.71 30.099
174.53 30.145
176.35 30.188
178.18 30.230
180.00 30.270
