-100.00 26.000
-30.00 26.000
-11.00 26.000
-10.00  6.000
 -8.99  5.132
 -7.98  4.279
 -6.97  3.457
 -5.96  2.681
 -4.95  1.966
 -3.94  1.329
 -2.93  0.791
 -1.92  0.375
 -0.91  0.103
  0.00  0.000
  0.71  0.012
  1.73  0.033
  2.74  0.065
  3.75  0.106
  4.77  0.146
  5.78  0.188
  6.79  0.240
  7.81  0.290
  8.82  0.341
  9.83  0.391
 10.84  0.442
 11.86  0.493
 12.87  0.544
 13.88  0.595
 14.90  0.645
 15.91  0.694
 16.92  0.742
 17.94  0.790
 18.95  0.837
 19.96  0.882
 20.98  0.926
 21.99  0.968
 23.00  1.009
 24.02  1.048
 25.03  1.086
 26.04  1.121
 27.05  1.154
 28.07  1.185
 29.08  1.213
 30.09  1.249
 31.11  1.290
 32.12  1.331
 33.13  1.373
 34.15  1.408
 35.16  1.431
 36.17  1.456
 37.19  1.490
 38.20  1.527
 39.21  1.565
 40.23  1.605
 41.24  1.646
 42.25  1.688
 43.26  1.730
 44.28  1.772
 45.29  1.813
 46.30  1.854
 47.32  1.894
 48.33  1.932
 49.34  1.968
 50.36  2.002
 51.37  2.034
 52.38  2.064
 53.40  2.094
 54.41  2.125
 55.42  2.159
 56.44  2.193
 57.45  2.230
 58.46  2.268
 59.47  2.308
 60.49  2.349
 61.50  2.392
 62.51  2.436
 63.53  2.481
 64.54  2.527
 65.55  2.574
 66.57  2.623
 67.58  2.672
 68.59  2.723
 69.61  2.774
 70.62  2.826
 71.63  2.878
 72.65  2.931
 73.66  2.985
 74.67  3.040
 75.68  3.094
 76.70  3.149
 77.71  3.205
 78.72  3.260
 79.74  3.316
 80.75  3.372
 81.76  3.428
 82.78  3.483
 83.79  3.539
 84.80  3.594
 85.82  3.649
 86.83  3.704
 87.84  3.759
 88.86  3.813
 89.87  3.866
 90.88  3.919
 91.89  3.971
 92.91  4.022
 93.92  4.073
 94.93  4.123
 95.95  4.171
 96.96  4.219
 97.97  4.266
 98.99  4.311
100.00  4.355
