-100.00 50.638
-51.00 50.638
-18.70 50.638
-17.00 30.638
-15.28 29.770
-13.57 28.917
-11.85 28.095
-10.13 27.319
 -8.41 26.604
 -6.70 25.967
 -4.98 25.429
 -3.26 25.013
 -1.55 24.741
  0.00 24.638
  1.21 24.651
  2.93 24.692
  4.66 24.728
  6.38 24.757
  8.10 24.844
  9.82 24.891
 11.55 24.954
 13.27 25.024
 14.99 25.093
 16.71 25.162
 18.44 25.231
 20.16 25.298
 21.88 25.366
 23.60 25.433
 25.32 25.499
 27.05 25.565
 28.77 25.630
 30.49 25.694
 32.21 25.757
 33.94 25.819
 35.66 25.879
 37.38 25.937
 39.10 25.994
 40.83 26.048
 42.55 26.100
 44.27 26.149
 45.99 26.196
 47.72 26.239
 49.44 26.281
 51.16 26.347
 52.88 26.414
 54.60 26.462
 56.33 26.520
 58.05 26.574
 59.77 26.607
 61.49 26.646
 63.22 26.702
 64.94 26.762
 66.66 26.824
 68.38 26.887
 70.11 26.952
 71.83 27.017
 73.55 27.082
 75.27 27.145
 76.99 27.206
 78.72 27.265
 80.44 27.320
 82.16 27.371
 83.88 27.417
 85.61 27.458
 87.33 27.492
 89.05 27.522
 90.77 27.551
 92.50 27.581
 94.22 27.613
 95.94 27.647
 97.66 27.683
 99.38 27.722
101.11 27.762
102.83 27.803
104.55 27.847
106.27 27.892
108.00 27.938
109.72 27.986
111.44 28.035
113.16 28.086
114.89 28.137
116.61 28.190
118.33 28.243
120.05 28.297
121.77 28.352
123.50 28.408
125.22 28.464
126.94 28.521
128.66 28.579
130.39 28.636
132.11 28.694
133.83 28.752
135.55 28.810
137.28 28.868
139.00 28.926
140.72 28.983
142.44 29.041
144.17 29.098
145.89 29.154
147.61 29.210
149.33 29.265
151.05 29.320
152.78 29.374
154.50 29.426
156.22 29.478
157.94 29.529
159.67 29.578
161.39 29.627
163.11 29.674
164.83 29.719
166.56 29.763
168.28 29.805
170.00 29.846
