-100.00 26.000
-39.00 26.000
-14.30 26.000
-13.00  6.000
-11.69  5.132
-10.37  4.279
 -9.06  3.457
 -7.75  2.681
 -6.43  1.966
 -5.12  1.329
 -3.81  0.791
 -2.49  0.375
 -1.18  0.103
  0.00  0.000
  0.93  0.012
  2.24  0.033
  3.56  0.065
  4.88  0.106
  6.20  0.146
  7.51  0.188
  8.83  0.240
 10.15  0.290
 11.46  0.341
 12.78  0.391
 14.10  0.442
 15.41  0.493
 16.73  0.544
 18.05  0.595
 19.37  0.645
 20.68  0.694
 22.00  0.742
 23.32  0.790
 24.63  0.837
 25.95  0.882
 27.27  0.926
 28.59  0.968
 29.90  1.009
 31.22  1.048
 32.54  1.086
 33.85  1.121
 35.17  1.154
 36.49  1.185
 37.81  1.214
 39.12  1.249
 40.44  1.290
 41.76  1.331
 43.07  1.373
 44.39  1.408
 45.71  1.431
 47.02  1.456
 48.34  1.490
 49.66  1.527
 50.98  1.565
 52.29  1.605
 53.61  1.646
 54.93  1.688
 56.24  1.730
 57.56  1.772
 58.88  1.813
 60.20  1.854
 61.51  1.894
 62.83  1.932
 64.15  1.968
 65.46  2.002
 66.78  2.034
 68.10  2.064
 69.41  2.094
 70.73  2.125
 72.05  2.158
 73.37  2.193
 74.68  2.230
 76.00  2.268
 77.32  2.308
 78.63  2.349
 79.95  2.392
 81.27  2.436
 82.59  2.481
 83.90  2.527
 85.22  2.574
 86.54  2.623
 87.85  2.672
 89.17  2.723
 90.49  2.774
 91.80  2.826
 93.12  2.878
 94.44  2.931
 95.76  2.985
 97.07  3.039
 98.39  3.094
 99.71  3.149
101.02  3.205
102.34  3.260
103.66  3.316
104.98  3.372
106.29  3.428
107.61  3.483
108.93  3.539
110.24  3.594
111.56  3.649
112.88  3.704
114.20  3.759
115.51  3.813
116.83  3.866
118.15  3.919
119.46  3.971
120.78  4.022
122.10  4.073
123.41  4.123
124.73  4.171
126.05  4.219
127.37  4.266
128.68  4.311
130.00  4.355
