-100.00 50.210
-48.00 50.210
-17.60 50.210
-16.00 30.210
-14.38 29.342
-12.77 28.489
-11.15 27.667
 -9.54 26.891
 -7.92 26.176
 -6.30 25.539
 -4.69 25.001
 -3.07 24.585
 -1.45 24.313
  0.00 24.210
  1.14 24.223
  2.76 24.258
  4.38 24.293
  6.00 24.325
  7.63 24.399
  9.25 24.444
 10.87 24.504
 12.49 24.568
 14.11 24.632
 15.73 24.696
 17.35 24.759
 18.97 24.822
 20.59 24.884
 22.21 24.946
 23.84 25.008
 25.46 25.069
 27.08 25.129
 28.70 25.189
 30.32 25.247
 31.94 25.304
 33.56 25.359
 35.18 25.413
 36.80 25.465
 38.42 25.515
 40.05 25.562
 41.67 25.608
 43.29 25.650
 44.91 25.690
 46.53 25.728
 48.15 25.785
 49.77 25.844
 51.39 25.890
 53.01 25.944
 54.63 25.992
 56.26 26.022
 57.88 26.057
 59.50 26.107
 61.12 26.160
 62.74 26.215
 64.36 26.272
 65.98 26.330
 67.60 26.388
 69.22 26.446
 70.84 26.503
 72.47 26.558
 74.09 26.612
 75.71 26.662
 77.33 26.710
 78.95 26.753
 80.57 26.791
 82.19 26.825
 83.81 26.855
 85.43 26.884
 87.05 26.914
 88.68 26.947
 90.30 26.981
 91.92 27.018
 93.54 27.056
 95.16 27.096
 96.78 27.138
 98.40 27.181
100.02 27.225
101.64 27.271
103.26 27.319
104.89 27.368
106.51 27.417
108.13 27.468
109.75 27.520
111.37 27.573
112.99 27.626
114.61 27.681
116.23 27.736
117.85 27.791
119.47 27.847
121.10 27.904
122.72 27.961
124.34 28.018
125.96 28.075
127.58 28.132
129.20 28.190
130.82 28.247
132.44 28.304
134.06 28.361
135.68 28.417
137.31 28.473
138.93 28.529
140.55 28.584
142.17 28.639
143.79 28.692
145.41 28.745
147.03 28.797
148.65 28.848
150.27 28.898
151.89 28.946
153.52 28.994
155.14 29.040
156.76 29.085
158.38 29.128
160.00 29.170
