-100.00 26.000
-36.00 26.000
-13.20 26.000
-12.00  6.000
-10.79  5.132
 -9.58  4.279
 -8.36  3.457
 -7.15  2.681
 -5.94  1.966
 -4.73  1.329
 -3.52  0.791
 -2.30  0.375
 -1.09  0.103
  0.00  0.000
  0.86  0.012
  2.07  0.033
  3.29  0.065
  4.50  0.106
  5.72  0.146
  6.93  0.188
  8.15  0.240
  9.37  0.290
 10.58  0.341
 11.80  0.391
 13.01  0.442
 14.23  0.493
 15.44  0.544
 16.66  0.595
 17.88  0.645
 19.09  0.694
 20.31  0.742
 21.52  0.790
 22.74  0.837
 23.96  0.882
 25.17  0.926
 26.39  0.968
 27.60  1.009
 28.82  1.048
 30.03  1.086
 31.25  1.121
 32.47  1.154
 33.68  1.185
 34.90  1.213
 36.11  1.249
 37.33  1.290
 38.54  1.331
 39.76  1.373
 40.98  1.408
 42.19  1.431
 43.41  1.456
 44.62  1.490
 45.84  1.527
 47.05  1.565
 48.27  1.605
 49.49  1.646
 50.70  1.688
 51.92  1.730
 53.13  1.772
 54.35  1.813
 55.56  1.854
 56.78  1.894
 58.00  1.932
 59.21  1.968
 60.43  2.002
 61.64  2.034
 62.86  2.064
 64.08  2.094
 65.29  2.125
 66.51  2.159
 67.72  2.193
 68.94  2.230
 70.15  2.268
 71.37  2.308
 72.59  2.349
 73.80  2.392
 75.02  2.436
 76.23  2.481
 77.45  2.527
 78.66  2.574
 79.88  2.623
 81.10  2.672
 82.31  2.722
 83.53  2.774
 84.74  2.826
 85.96  2.878
 87.17  2.931
 88.39  2.985
 89.61  3.040
 90.82  3.094
 92.04  3.149
 93.25  3.205
 94.47  3.260
 95.68  3.316
 96.90  3.372
 98.12  3.428
 99.33  3.483
100.55  3.539
101.76  3.594
102.98  3.649
104.20  3.704
105.41  3.759
106.63  3.813
107.84  3.866
109.06  3.919
110.27  3.971
111.49  4.022
112.71  4.073
113.92  4.123
115.14  4.171
116.35  4.219
117.57  4.266
118.78  4.311
120.00  4.355
