-100.00 51.629
-58.50 51.629
-21.45 51.629
-19.50 31.629
-17.53 30.761
-15.56 29.908
-13.59 29.086
-11.62 28.310
 -9.65 27.595
 -7.68 26.958
 -5.71 26.420
 -3.74 26.004
 -1.77 25.732
  0.00 25.629
  1.39 25.642
  3.37 25.685
  5.34 25.721
  7.32 25.749
  9.29 25.841
 11.27 25.888
 13.24 25.952
 15.22 26.023
 17.20 26.095
 19.17 26.165
 21.15 26.235
 23.12 26.304
 25.10 26.373
 27.07 26.441
 29.05 26.509
 31.02 26.576
 33.00 26.643
 34.98 26.708
 36.95 26.773
 38.93 26.836
 40.90 26.898
 42.88 26.957
 44.85 27.015
 46.83 27.071
 48.81 27.124
 50.78 27.175
 52.76 27.222
 54.73 27.267
 56.71 27.309
 58.68 27.379
 60.66 27.447
 62.63 27.496
 64.61 27.556
 66.59 27.611
 68.56 27.645
 70.54 27.685
 72.51 27.743
 74.49 27.805
 76.46 27.869
 78.44 27.935
 80.41 28.002
 82.39 28.069
 84.37 28.135
 86.34 28.200
 88.32 28.263
 90.29 28.324
 92.27 28.380
 94.24 28.432
 96.22 28.479
 98.20 28.520
100.17 28.555
102.15 28.585
104.12 28.613
106.10 28.643
108.07 28.675
110.05 28.709
112.02 28.746
114.00 28.784
115.98 28.824
117.95 28.866
119.93 28.909
121.90 28.954
123.88 29.001
125.85 29.049
127.83 29.098
129.81 29.149
131.78 29.200
133.76 29.253
135.73 29.307
137.71 29.361
139.68 29.416
141.66 29.473
143.63 29.529
145.61 29.586
147.59 29.644
149.56 29.701
151.54 29.759
153.51 29.817
155.49 29.876
157.46 29.934
159.44 29.992
161.41 30.050
163.39 30.107
165.37 30.164
167.34 30.221
169.32 30.277
171.29 30.332
173.27 30.387
175.24 30.441
177.22 30.493
179.20 30.545
181.17 30.596
183.15 30.645
185.12 30.693
187.10 30.740
189.07 30.785
191.05 30.829
193.02 30.871
195.00 30.912
