-100.00 49.987
-46.50 49.987
-17.05 49.987
-15.50 29.987
-13.93 29.119
-12.37 28.266
-10.80 27.444
 -9.24 26.668
 -7.67 25.953
 -6.11 25.316
 -4.54 24.778
 -2.97 24.362
 -1.41 24.090
  0.00 23.987
  1.11 24.000
  2.68 24.032
  4.25 24.066
  5.82 24.100
  7.39 24.166
  8.96 24.211
 10.53 24.269
 12.10 24.330
 13.67 24.391
 15.24 24.451
 16.81 24.512
 18.38 24.572
 19.95 24.632
 21.52 24.691
 23.09 24.750
 24.66 24.809
 26.23 24.866
 27.80 24.923
 29.37 24.979
 30.94 25.033
 32.51 25.086
 34.08 25.137
 35.65 25.186
 37.22 25.234
 38.79 25.279
 40.36 25.322
 41.93 25.363
 43.50 25.400
 45.08 25.436
 46.65 25.489
 48.22 25.544
 49.79 25.589
 51.36 25.639
 52.93 25.685
 54.50 25.713
 56.07 25.746
 57.64 25.792
 59.21 25.841
 60.78 25.893
 62.35 25.946
 63.92 26.000
 65.49 26.054
 67.06 26.109
 68.63 26.162
 70.20 26.215
 71.77 26.265
 73.34 26.313
 74.91 26.359
 76.48 26.400
 78.05 26.438
 79.62 26.471
 81.19 26.501
 82.76 26.530
 84.33 26.561
 85.90 26.593
 87.47 26.628
 89.05 26.664
 90.62 26.703
 92.19 26.743
 93.76 26.784
 95.33 26.827
 96.90 26.872
 98.47 26.917
100.04 26.965
101.61 27.013
103.18 27.062
104.75 27.113
106.32 27.164
107.89 27.217
109.46 27.270
111.03 27.324
112.60 27.379
114.17 27.434
115.74 27.490
117.31 27.546
118.88 27.602
120.45 27.659
122.02 27.716
123.59 27.773
125.16 27.830
126.73 27.886
128.30 27.943
129.87 28.000
131.44 28.056
133.02 28.112
134.59 28.167
136.16 28.222
137.73 28.277
139.30 28.330
140.87 28.383
142.44 28.435
144.01 28.486
145.58 28.536
147.15 28.585
148.72 28.633
150.29 28.679
151.86 28.724
153.43 28.768
155.00 28.810
