-100.00 48.202
-37.50 48.202
-13.75 48.202
-12.50 28.202
-11.24 27.334
 -9.97 26.481
 -8.71 25.659
 -7.45 24.883
 -6.19 24.168
 -4.92 23.531
 -3.66 22.993
 -2.40 22.577
 -1.14 22.305
  0.00 22.202
  0.89 22.214
  2.16 22.235
  3.42 22.267
  4.69 22.308
  5.96 22.348
  7.22 22.390
  8.49 22.442
  9.76 22.492
 11.02 22.543
 12.29 22.593
 13.56 22.644
 14.82 22.695
 16.09 22.746
 17.35 22.797
 18.62 22.847
 19.89 22.896
 21.15 22.944
 22.42 22.992
 23.69 23.038
 24.95 23.084
 26.22 23.128
 27.49 23.170
 28.75 23.211
 30.02 23.250
 31.29 23.288
 32.55 23.323
 33.82 23.356
 35.08 23.387
 36.35 23.416
 37.62 23.451
 38.88 23.492
 40.15 23.534
 41.42 23.575
 42.68 23.610
 43.95 23.633
 45.22 23.658
 46.48 23.692
 47.75 23.729
 49.02 23.767
 50.28 23.807
 51.55 23.848
 52.81 23.890
 54.08 23.932
 55.35 23.974
 56.61 24.015
 57.88 24.056
 59.15 24.096
 60.41 24.134
 61.68 24.170
 62.95 24.204
 64.21 24.236
 65.48 24.266
 66.75 24.296
 68.01 24.327
 69.28 24.361
 70.54 24.395
 71.81 24.432
 73.08 24.470
 74.34 24.510
 75.61 24.551
 76.88 24.594
 78.14 24.638
 79.41 24.683
 80.68 24.729
 81.94 24.776
 83.21 24.825
 84.47 24.874
 85.74 24.925
 87.01 24.976
 88.27 25.028
 89.54 25.080
 90.81 25.133
 92.07 25.187
 93.34 25.242
 94.61 25.296
 95.87 25.351
 97.14 25.407
 98.41 25.462
 99.67 25.518
100.94 25.574
102.20 25.630
103.47 25.685
104.74 25.741
106.00 25.796
107.27 25.851
108.54 25.906
109.80 25.961
111.07 26.015
112.34 26.068
113.60 26.121
114.87 26.173
116.14 26.224
117.40 26.275
118.67 26.325
119.93 26.373
121.20 26.421
122.47 26.468
123.73 26.513
125.00 26.557
