-100.00 26.000
-37.50 26.000
-13.75 26.000
-12.50  6.000
-11.24  5.132
 -9.97  4.279
 -8.71  3.457
 -7.45  2.681
 -6.19  1.966
 -4.92  1.329
 -3.66  0.791
 -2.40  0.375
 -1.14  0.103
  0.00 -0.000
  0.89  0.012
  2.16  0.033
  3.42  0.065
  4.69  0.106
  5.96  0.146
  7.22  0.188
  8.49  0.240
  9.76  0.290
 11.02  0.341
 12.29  0.391
 13.56  0.442
 14.82  0.493
 16.09  0.544
 17.35  0.595
 18.62  0.645
 19.89  0.694
 21.15  0.742
 22.42  0.790
 23.69  0.836
 24.95  0.882
 26.22  0.926
 27.49  0.968
 28.75  1.009
 30.02  1.048
 31.29  1.086
 32.55  1.121
 33.82  1.154
 35.08  1.185
 36.35  1.213
 37.62  1.249
 38.88  1.290
 40.15  1.332
 41.42  1.373
 42.68  1.408
 43.95  1.431
 45.22  1.456
 46.48  1.490
 47.75  1.527
 49.02  1.565
 50.28  1.605
 51.55  1.646
 52.81  1.688
 54.08  1.730
 55.35  1.772
 56.61  1.813
 57.88  1.854
 59.15  1.894
 60.41  1.932
 61.68  1.968
 62.95  2.002
 64.21  2.034
 65.48  2.064
 66.75  2.094
 68.01  2.125
 69.28  2.159
 70.54  2.193
 71.81  2.230
 73.08  2.268
 74.34  2.308
 75.61  2.349
 76.88  2.392
 78.14  2.436
 79.41  2.481
 80.68  2.527
 81.94  2.574
 83.21  2.623
 84.47  2.672
 85.74  2.723
 87.01  2.774
 88.27  2.826
 89.54  2.878
 90.81  2.931
 92.07  2.985
 93.34  3.040
 94.61  3.094
 95.87  3.149
 97.14  3.205
 98.41  3.260
 99.67  3.316
100.94  3.372
102.20  3.427
103.47  3.483
104.74  3.539
106.00  3.594
107.27  3.649
108.54  3.704
109.80  3.759
111.07  3.813
112.34  3.866
113.60  3.919
114.87  3.971
116.14  4.022
117.40  4.073
118.67  4.123
119.93  4.171
121.20  4.219
122.47  4.266
123.73  4.311
125.00  4.355
