-100.00 26.000
-61.50 26.000
-22.55 26.000
-20.50  6.000
-18.43  5.132
-16.36  4.279
-14.29  3.457
-12.22  2.681
-10.15  1.966
 -8.08  1.329
 -6.01  0.791
 -3.93  0.375
 -1.86  0.103
  0.00 -0.000
  1.46  0.014
  3.54  0.056
  5.62  0.092
  7.69  0.120
  9.77  0.212
 11.85  0.259
 13.92  0.323
 16.00  0.395
 18.08  0.466
 20.15  0.536
 22.23  0.606
 24.31  0.675
 26.38  0.744
 28.46  0.812
 30.54  0.880
 32.62  0.947
 34.69  1.014
 36.77  1.079
 38.85  1.144
 40.92  1.207
 43.00  1.269
 45.08  1.328
 47.15  1.386
 49.23  1.442
 51.31  1.495
 53.38  1.546
 55.46  1.593
 57.54  1.638
 59.62  1.680
 61.69  1.750
 63.77  1.818
 65.85  1.867
 67.92  1.927
 70.00  1.982
 72.08  2.016
 74.15  2.056
 76.23  2.114
 78.31  2.176
 80.38  2.240
 82.46  2.306
 84.54  2.373
 86.62  2.440
 88.69  2.506
 90.77  2.571
 92.85  2.634
 94.92  2.695
 97.00  2.751
 99.08  2.803
101.15  2.850
103.23  2.891
105.31  2.926
107.38  2.956
109.46  2.984
111.54  3.014
113.62  3.046
115.69  3.080
117.77  3.117
119.85  3.155
121.92  3.195
124.00  3.237
126.08  3.280
128.15  3.325
130.23  3.372
132.31  3.420
134.38  3.469
136.46  3.520
138.54  3.571
140.62  3.624
142.69  3.678
144.77  3.732
146.85  3.787
148.92  3.844
151.00  3.900
153.08  3.957
155.15  4.015
157.23  4.072
159.31  4.130
161.38  4.188
163.46  4.247
165.54  4.305
167.62  4.363
169.69  4.421
171.77  4.478
173.85  4.535
175.92  4.592
178.00  4.648
180.08  4.703
182.15  4.758
184.23  4.812
186.31  4.864
188.38  4.916
190.46  4.967
192.54  5.016
194.62  5.064
196.69  5.111
198.77  5.156
200.85  5.200
202.92  5.242
205.00  5.283
