-100.00 52.785
-66.00 52.785
-24.20 52.785
-22.00 32.785
-19.78 31.917
-17.56 31.064
-15.33 30.242
-13.11 29.466
-10.89 28.751
 -8.67 28.114
 -6.44 27.576
 -4.22 27.160
 -2.00 26.888
  0.00 26.785
  1.57 26.799
  3.80 26.841
  6.03 26.877
  8.26 26.905
 10.48 26.997
 12.71 27.044
 14.94 27.108
 17.17 27.180
 19.40 27.251
 21.63 27.321
 23.86 27.391
 26.09 27.460
 28.32 27.529
 30.54 27.597
 32.77 27.665
 35.00 27.732
 37.23 27.799
 39.46 27.864
 41.69 27.929
 43.92 27.992
 46.15 28.054
 48.38 28.113
 50.60 28.171
 52.83 28.227
 55.06 28.280
 57.29 28.331
 59.52 28.378
 61.75 28.423
 63.98 28.465
 66.21 28.535
 68.44 28.603
 70.66 28.652
 72.89 28.712
 75.12 28.767
 77.35 28.801
 79.58 28.841
 81.81 28.899
 84.04 28.961
 86.27 29.025
 88.50 29.091
 90.72 29.158
 92.95 29.225
 95.18 29.291
 97.41 29.356
 99.64 29.419
101.87 29.480
104.10 29.536
106.33 29.588
108.56 29.635
110.78 29.676
113.01 29.711
115.24 29.741
117.47 29.769
119.70 29.799
121.93 29.831
124.16 29.865
126.39 29.902
128.62 29.940
130.84 29.980
133.07 30.022
135.30 30.065
137.53 30.110
139.76 30.157
141.99 30.205
144.22 30.254
146.45 30.305
148.68 30.356
150.90 30.409
153.13 30.463
155.36 30.517
157.59 30.572
159.82 30.629
162.05 30.685
164.28 30.742
166.51 30.800
168.74 30.857
170.96 30.915
173.19 30.973
175.42 31.032
177.65 31.090
179.88 31.148
182.11 31.206
184.34 31.263
186.57 31.320
188.80 31.377
191.02 31.433
193.25 31.488
195.48 31.543
197.71 31.597
199.94 31.649
202.17 31.701
204.40 31.752
206.63 31.801
208.86 31.849
211.08 31.896
213.31 31.941
215.54 31.985
217.77 32.027
220.00 32.068
