-100.00 52.020
-61.50 52.020
-22.55 52.020
-20.50 32.020
-18.43 31.152
-16.36 30.299
-14.29 29.477
-12.22 28.701
-10.15 27.986
 -8.08 27.349
 -6.01 26.811
 -3.93 26.395
 -1.86 26.123
  0.00 26.020
  1.46 26.034
  3.54 26.076
  5.62 26.112
  7.69 26.140
  9.77 26.232
 11.85 26.279
 13.92 26.343
 16.00 26.415
 18.08 26.486
 20.15 26.556
 22.23 26.626
 24.31 26.695
 26.38 26.764
 28.46 26.832
 30.54 26.900
 32.62 26.967
 34.69 27.034
 36.77 27.099
 38.85 27.164
 40.92 27.227
 43.00 27.289
 45.08 27.348
 47.15 27.406
 49.23 27.462
 51.31 27.515
 53.38 27.566
 55.46 27.613
 57.54 27.658
 59.62 27.700
 61.69 27.770
 63.77 27.838
 65.85 27.887
 67.92 27.947
 70.00 28.002
 72.08 28.036
 74.15 28.076
 76.23 28.134
 78.31 28.196
 80.38 28.260
 82.46 28.326
 84.54 28.393
 86.62 28.460
 88.69 28.526
 90.77 28.591
 92.85 28.654
 94.92 28.715
 97.00 28.771
 99.08 28.823
101.15 28.870
103.23 28.911
105.31 28.946
107.38 28.976
109.46 29.004
111.54 29.034
113.62 29.066
115.69 29.100
117.77 29.137
119.85 29.175
121.92 29.215
124.00 29.257
126.08 29.300
128.15 29.345
130.23 29.392
132.31 29.440
134.38 29.489
136.46 29.540
138.54 29.591
140.62 29.644
142.69 29.698
144.77 29.752
146.85 29.807
148.92 29.864
151.00 29.920
153.08 29.977
155.15 30.035
157.23 30.092
159.31 30.150
161.38 30.208
163.46 30.267
165.54 30.325
167.62 30.383
169.69 30.441
171.77 30.498
173.85 30.555
175.92 30.612
178.00 30.668
180.08 30.723
182.15 30.778
184.23 30.832
186.31 30.884
188.38 30.936
190.46 30.987
192.54 31.036
194.62 31.084
196.69 31.131
198.77 31.176
200.85 31.220
202.92 31.262
205.00 31.303
