-100.00 54.016
-73.50 54.016
-26.95 54.016
-24.50 34.016
-22.03 33.148
-19.55 32.295
-17.08 31.473
-14.60 30.697
-12.13 29.982
 -9.65 29.345
 -7.18 28.807
 -4.70 28.391
 -2.23 28.119
  0.00 28.016
  1.75 28.029
  4.23 28.072
  6.71 28.108
  9.19 28.136
 11.68 28.228
 14.16 28.275
 16.64 28.339
 19.12 28.410
 21.60 28.481
 24.09 28.552
 26.57 28.622
 29.05 28.691
 31.53 28.760
 34.02 28.828
 36.50 28.896
 38.98 28.963
 41.46 29.030
 43.94 29.095
 46.43 29.160
 48.91 29.223
 51.39 29.285
 53.87 29.344
 56.35 29.402
 58.84 29.458
 61.32 29.511
 63.80 29.562
 66.28 29.609
 68.77 29.654
 71.25 29.696
 73.73 29.766
 76.21 29.834
 78.69 29.883
 81.18 29.943
 83.66 29.998
 86.14 30.032
 88.62 30.072
 91.11 30.130
 93.59 30.192
 96.07 30.256
 98.55 30.322
101.03 30.389
103.52 30.456
106.00 30.522
108.48 30.587
110.96 30.650
113.44 30.711
115.93 30.767
118.41 30.819
120.89 30.866
123.37 30.907
125.86 30.942
128.34 30.972
130.82 31.000
133.30 31.030
135.78 31.062
138.27 31.096
140.75 31.133
143.23 31.171
145.71 31.211
148.20 31.253
150.68 31.296
153.16 31.341
155.64 31.388
158.12 31.436
160.61 31.485
163.09 31.536
165.57 31.587
168.05 31.640
170.53 31.694
173.02 31.748
175.50 31.803
177.98 31.859
180.46 31.916
182.95 31.973
185.43 32.030
187.91 32.088
190.39 32.146
192.87 32.204
195.36 32.263
197.84 32.321
200.32 32.379
202.80 32.437
205.29 32.494
207.77 32.551
210.25 32.608
212.73 32.664
215.21 32.719
217.70 32.774
220.18 32.828
222.66 32.880
225.14 32.932
227.62 32.983
230.11 33.032
232.59 33.080
235.07 33.127
237.55 33.172
240.04 33.216
242.52 33.258
245.00 33.298
