-100.00 53.443
-70.50 53.443
-25.85 53.443
-23.50 33.443
-21.13 32.575
-18.75 31.722
-16.38 30.900
-14.01 30.124
-11.63 29.409
 -9.26 28.772
 -6.88 28.234
 -4.51 27.818
 -2.14 27.546
  0.00 27.443
  1.68 27.457
  4.06 27.499
  6.44 27.535
  8.82 27.563
 11.20 27.655
 13.58 27.702
 15.96 27.766
 18.34 27.838
 20.72 27.909
 23.10 27.979
 25.48 28.049
 27.87 28.118
 30.25 28.187
 32.63 28.255
 35.01 28.323
 37.39 28.390
 39.77 28.457
 42.15 28.522
 44.53 28.587
 46.91 28.650
 49.29 28.712
 51.67 28.771
 54.05 28.829
 56.44 28.885
 58.82 28.938
 61.20 28.989
 63.58 29.036
 65.96 29.081
 68.34 29.123
 70.72 29.193
 73.10 29.261
 75.48 29.310
 77.86 29.370
 80.24 29.425
 82.63 29.459
 85.01 29.499
 87.39 29.557
 89.77 29.619
 92.15 29.683
 94.53 29.749
 96.91 29.816
 99.29 29.883
101.67 29.949
104.05 30.014
106.43 30.077
108.81 30.138
111.20 30.194
113.58 30.246
115.96 30.293
118.34 30.334
120.72 30.369
123.10 30.399
125.48 30.427
127.86 30.457
130.24 30.489
132.62 30.523
135.00 30.560
137.38 30.598
139.77 30.638
142.15 30.680
144.53 30.723
146.91 30.768
149.29 30.815
151.67 30.863
154.05 30.912
156.43 30.963
158.81 31.014
161.19 31.067
163.57 31.121
165.96 31.175
168.34 31.230
170.72 31.287
173.10 31.343
175.48 31.400
177.86 31.458
180.24 31.515
182.62 31.573
185.00 31.631
187.38 31.690
189.76 31.748
192.14 31.806
194.53 31.864
196.91 31.921
199.29 31.978
201.67 32.035
204.05 32.091
206.43 32.146
208.81 32.201
211.19 32.255
213.57 32.307
215.95 32.359
218.33 32.410
220.71 32.459
223.10 32.507
225.48 32.554
227.86 32.599
230.24 32.643
232.62 32.685
235.00 32.726
