-100.00 26.000
-75.00 26.000
-27.50 26.000
-25.00  6.000
-22.47  5.132
-19.95  4.279
-17.42  3.457
-14.90  2.681
-12.37  1.966
 -9.85  1.329
 -7.32  0.791
 -4.80  0.375
 -2.27  0.103
  0.00  0.000
  1.78  0.014
  4.32  0.056
  6.85  0.092
  9.38  0.120
 11.91  0.212
 14.45  0.259
 16.98  0.323
 19.51  0.395
 22.05  0.465
 24.58  0.536
 27.11  0.606
 29.64  0.675
 32.18  0.744
 34.71  0.812
 37.24  0.880
 39.78  0.947
 42.31  1.014
 44.84  1.079
 47.37  1.144
 49.91  1.207
 52.44  1.269
 54.97  1.328
 57.50  1.386
 60.04  1.442
 62.57  1.495
 65.10  1.546
 67.64  1.593
 70.17  1.638
 72.70  1.680
 75.23  1.750
 77.77  1.818
 80.30  1.867
 82.83  1.927
 85.37  1.982
 87.90  2.016
 90.43  2.056
 92.96  2.114
 95.50  2.176
 98.03  2.240
100.56  2.306
103.10  2.373
105.63  2.440
108.16  2.506
110.69  2.571
113.23  2.634
115.76  2.695
118.29  2.751
120.83  2.803
123.36  2.850
125.89  2.891
128.42  2.926
130.96  2.956
133.49  2.984
136.02  3.014
138.56  3.046
141.09  3.080
143.62  3.117
146.15  3.155
148.69  3.195
151.22  3.237
153.75  3.280
156.29  3.325
158.82  3.372
161.35  3.420
163.88  3.469
166.42  3.520
168.95  3.571
171.48  3.624
174.02  3.678
176.55  3.732
179.08  3.788
181.61  3.843
184.15  3.900
186.68  3.957
189.21  4.014
191.74  4.072
194.28  4.130
196.81  4.188
199.34  4.247
201.88  4.305
204.41  4.363
206.94  4.421
209.47  4.478
212.01  4.535
214.54  4.592
217.07  4.648
219.61  4.703
222.14  4.758
224.67  4.812
227.20  4.864
229.74  4.916
232.27  4.967
234.80  5.016
237.34  5.064
239.87  5.111
242.40  5.157
244.93  5.200
247.47  5.242
250.00  5.282
