-100.00 51.852
-60.00 51.852
-22.00 51.852
-20.00 31.852
-17.98 30.984
-15.96 30.131
-13.94 29.309
-11.92 28.533
 -9.90 27.818
 -7.88 27.181
 -5.86 26.643
 -3.84 26.227
 -1.82 25.955
  0.00 25.852
  1.43 25.865
  3.45 25.908
  5.48 25.944
  7.51 25.972
  9.53 26.064
 11.56 26.111
 13.58 26.175
 15.61 26.246
 17.64 26.318
 19.66 26.388
 21.69 26.458
 23.72 26.527
 25.74 26.596
 27.77 26.664
 29.79 26.732
 31.82 26.799
 33.85 26.866
 35.87 26.931
 37.90 26.996
 39.93 27.059
 41.95 27.121
 43.98 27.180
 46.00 27.238
 48.03 27.294
 50.06 27.347
 52.08 27.398
 54.11 27.445
 56.14 27.490
 58.16 27.532
 60.19 27.602
 62.21 27.670
 64.24 27.719
 66.27 27.779
 68.29 27.834
 70.32 27.868
 72.35 27.908
 74.37 27.966
 76.40 28.028
 78.42 28.092
 80.45 28.158
 82.48 28.225
 84.50 28.292
 86.53 28.358
 88.56 28.423
 90.58 28.486
 92.61 28.547
 94.63 28.603
 96.66 28.655
 98.69 28.702
100.71 28.743
102.74 28.778
104.77 28.808
106.79 28.836
108.82 28.866
110.84 28.898
112.87 28.932
114.90 28.969
116.92 29.007
118.95 29.047
120.98 29.089
123.00 29.132
125.03 29.177
127.05 29.224
129.08 29.272
131.11 29.321
133.13 29.372
135.16 29.423
137.19 29.476
139.21 29.530
141.24 29.584
143.26 29.639
145.29 29.696
147.32 29.752
149.34 29.809
151.37 29.867
153.40 29.924
155.42 29.982
157.45 30.040
159.47 30.099
161.50 30.157
163.53 30.215
165.55 30.273
167.58 30.330
169.61 30.387
171.63 30.444
173.66 30.500
175.68 30.555
177.71 30.610
179.74 30.664
181.76 30.716
183.79 30.768
185.82 30.819
187.84 30.868
189.87 30.916
191.90 30.963
193.92 31.008
195.95 31.052
197.97 31.094
200.00 31.135
