-100.00 52.538
-64.50 52.538
-23.65 52.538
-21.50 32.538
-19.33 31.670
-17.16 30.817
-14.98 29.995
-12.81 29.219
-10.64 28.504
 -8.47 27.867
 -6.30 27.329
 -4.13 26.913
 -1.95 26.641
  0.00 26.538
  1.53 26.552
  3.71 26.594
  5.89 26.630
  8.07 26.658
 10.25 26.750
 12.42 26.797
 14.60 26.861
 16.78 26.933
 18.96 27.004
 21.14 27.074
 23.32 27.144
 25.49 27.213
 27.67 27.282
 29.85 27.350
 32.03 27.418
 34.21 27.485
 36.38 27.552
 38.56 27.617
 40.74 27.682
 42.92 27.745
 45.10 27.807
 47.28 27.866
 49.45 27.924
 51.63 27.980
 53.81 28.033
 55.99 28.084
 58.17 28.131
 60.35 28.176
 62.52 28.218
 64.70 28.288
 66.88 28.356
 69.06 28.405
 71.24 28.465
 73.41 28.520
 75.59 28.554
 77.77 28.594
 79.95 28.652
 82.13 28.714
 84.31 28.778
 86.48 28.844
 88.66 28.911
 90.84 28.978
 93.02 29.044
 95.20 29.109
 97.38 29.172
 99.55 29.233
101.73 29.289
103.91 29.341
106.09 29.388
108.27 29.429
110.44 29.464
112.62 29.494
114.80 29.522
116.98 29.552
119.16 29.584
121.34 29.618
123.51 29.655
125.69 29.693
127.87 29.733
130.05 29.775
132.23 29.818
134.41 29.863
136.58 29.910
138.76 29.958
140.94 30.007
143.12 30.058
145.30 30.109
147.47 30.162
149.65 30.216
151.83 30.270
154.01 30.325
156.19 30.382
158.37 30.438
160.54 30.495
162.72 30.553
164.90 30.610
167.08 30.668
169.26 30.726
171.44 30.785
173.61 30.843
175.79 30.901
177.97 30.959
180.15 31.016
182.33 31.073
184.50 31.130
186.68 31.186
188.86 31.241
191.04 31.296
193.22 31.350
195.40 31.402
197.57 31.454
199.75 31.505
201.93 31.554
204.11 31.602
206.29 31.649
208.47 31.694
210.64 31.738
212.82 31.780
215.00 31.821
