-100.00 53.699
-72.00 53.699
-26.40 53.699
-24.00 33.699
-21.58 32.831
-19.15 31.978
-16.73 31.156
-14.30 30.380
-11.88 29.665
 -9.45 29.028
 -7.03 28.490
 -4.61 28.074
 -2.18 27.802
  0.00 27.699
  1.71 27.713
  4.14 27.755
  6.57 27.791
  9.01 27.819
 11.44 27.911
 13.87 27.958
 16.30 28.022
 18.73 28.094
 21.16 28.165
 23.60 28.235
 26.03 28.305
 28.46 28.374
 30.89 28.443
 33.32 28.511
 35.75 28.579
 38.18 28.646
 40.62 28.713
 43.05 28.778
 45.48 28.843
 47.91 28.906
 50.34 28.968
 52.77 29.027
 55.20 29.085
 57.64 29.141
 60.07 29.194
 62.50 29.245
 64.93 29.292
 67.36 29.337
 69.79 29.379
 72.23 29.449
 74.66 29.517
 77.09 29.566
 79.52 29.626
 81.95 29.681
 84.38 29.715
 86.81 29.755
 89.25 29.813
 91.68 29.875
 94.11 29.939
 96.54 30.005
 98.97 30.072
101.40 30.139
103.84 30.205
106.27 30.270
108.70 30.333
111.13 30.394
113.56 30.450
115.99 30.502
118.42 30.549
120.86 30.590
123.29 30.625
125.72 30.655
128.15 30.683
130.58 30.713
133.01 30.745
135.44 30.779
137.88 30.816
140.31 30.854
142.74 30.894
145.17 30.936
147.60 30.979
150.03 31.024
152.47 31.071
154.90 31.119
157.33 31.168
159.76 31.219
162.19 31.270
164.62 31.323
167.05 31.377
169.49 31.431
171.92 31.486
174.35 31.543
176.78 31.599
179.21 31.656
181.64 31.714
184.08 31.771
186.51 31.829
188.94 31.887
191.37 31.946
193.80 32.004
196.23 32.062
198.66 32.120
201.10 32.177
203.53 32.234
205.96 32.291
208.39 32.347
210.82 32.402
213.25 32.457
215.68 32.511
218.12 32.563
220.55 32.615
222.98 32.666
225.41 32.715
227.84 32.763
230.27 32.810
232.71 32.855
235.14 32.899
237.57 32.941
240.00 32.982
