-100.00 26.000
-66.00 26.000
-24.20 26.000
-22.00  6.000
-19.78  5.132
-17.56  4.279
-15.33  3.457
-13.11  2.681
-10.89  1.966
 -8.67  1.329
 -6.44  0.791
 -4.22  0.375
 -2.00  0.103
  0.00 -0.000
  1.57  0.014
  3.80  0.056
  6.03  0.092
  8.26  0.120
 10.48  0.212
 12.71  0.259
 14.94  0.323
 17.17  0.395
 19.40  0.466
 21.63  0.536
 23.86  0.606
 26.09  0.675
 28.32  0.744
 30.54  0.812
 32.77  0.880
 35.00  0.947
 37.23  1.014
 39.46  1.079
 41.69  1.144
 43.92  1.207
 46.15  1.269
 48.38  1.328
 50.60  1.386
 52.83  1.442
 55.06  1.495
 57.29  1.546
 59.52  1.593
 61.75  1.638
 63.98  1.680
 66.21  1.750
 68.44  1.818
 70.66  1.867
 72.89  1.927
 75.12  1.982
 77.35  2.016
 79.58  2.056
 81.81  2.114
 84.04  2.176
 86.27  2.240
 88.50  2.306
 90.72  2.373
 92.95  2.440
 95.18  2.506
 97.41  2.571
 99.64  2.634
101.87  2.695
104.10  2.751
106.33  2.803
108.56  2.850
110.78  2.891
113.01  2.926
115.24  2.956
117.47  2.984
119.70  3.014
121.93  3.046
124.16  3.080
126.39  3.117
128.62  3.155
130.84  3.195
133.07  3.237
135.30  3.280
137.53  3.325
139.76  3.372
141.99  3.420
144.22  3.469
146.45  3.520
148.68  3.571
150.90  3.624
153.13  3.678
155.36  3.732
157.59  3.787
159.82  3.844
162.05  3.900
164.28  3.957
166.51  4.015
168.74  4.072
170.96  4.130
173.19  4.188
175.42  4.247
177.65  4.305
179.88  4.363
182.11  4.421
184.34  4.478
186.57  4.535
188.80  4.592
191.02  4.648
193.25  4.703
195.48  4.758
197.71  4.812
199.94  4.864
202.17  4.916
204.40  4.967
206.63  5.016
208.86  5.064
211.08  5.111
213.31  5.156
215.54  5.200
217.77  5.242
220.00  5.283
