-100.00 26.000
-63.00 26.000
-23.10 26.000
-21.00  6.000
-18.88  5.132
-16.76  4.279
-14.64  3.457
-12.52  2.681
-10.39  1.966
 -8.27  1.329
 -6.15  0.791
 -4.03  0.375
 -1.91  0.103
  0.00  0.000
  1.50  0.014
  3.63  0.056
  5.75  0.092
  7.88  0.120
 10.01  0.212
 12.14  0.259
 14.26  0.323
 16.39  0.395
 18.52  0.465
 20.65  0.536
 22.77  0.606
 24.90  0.675
 27.03  0.744
 29.16  0.812
 31.28  0.880
 33.41  0.947
 35.54  1.014
 37.67  1.079
 39.79  1.144
 41.92  1.207
 44.05  1.269
 46.18  1.328
 48.30  1.386
 50.43  1.442
 52.56  1.495
 54.69  1.546
 56.81  1.593
 58.94  1.638
 61.07  1.680
 63.20  1.750
 65.32  1.818
 67.45  1.867
 69.58  1.927
 71.71  1.982
 73.84  2.016
 75.96  2.056
 78.09  2.114
 80.22  2.176
 82.35  2.240
 84.47  2.306
 86.60  2.373
 88.73  2.440
 90.86  2.506
 92.98  2.571
 95.11  2.634
 97.24  2.695
 99.37  2.751
101.49  2.803
103.62  2.850
105.75  2.891
107.88  2.926
110.00  2.956
112.13  2.984
114.26  3.014
116.39  3.046
118.51  3.080
120.64  3.117
122.77  3.155
124.90  3.195
127.02  3.237
129.15  3.280
131.28  3.325
133.41  3.372
135.53  3.420
137.66  3.469
139.79  3.520
141.92  3.571
144.05  3.624
146.17  3.678
148.30  3.732
150.43  3.788
152.56  3.843
154.68  3.900
156.81  3.957
158.94  4.014
161.07  4.072
163.19  4.130
165.32  4.188
167.45  4.247
169.58  4.305
171.70  4.363
173.83  4.421
175.96  4.478
178.09  4.535
180.21  4.592
182.34  4.648
184.47  4.703
186.60  4.758
188.72  4.812
190.85  4.864
192.98  4.916
195.11  4.967
197.23  5.016
199.36  5.064
201.49  5.111
203.62  5.157
205.74  5.200
207.87  5.242
210.00  5.282
