-100.00 26.000
-73.50 26.000
-26.95 26.000
-24.50  6.000
-22.03  5.132
-19.55  4.279
-17.08  3.457
-14.60  2.681
-12.13  1.966
 -9.65  1.329
 -7.18  0.791
 -4.70  0.375
 -2.23  0.103
  0.00  0.000
  1.75  0.014
  4.23  0.056
  6.71  0.092
  9.19  0.120
 11.68  0.212
 14.16  0.259
 16.64  0.323
 19.12  0.395
 21.60  0.465
 24.09  0.536
 26.57  0.606
 29.05  0.675
 31.53  0.744
 34.02  0.812
 36.50  0.880
 38.98  0.947
 41.46  1.014
 43.94  1.079
 46.43  1.144
 48.91  1.207
 51.39  1.269
 53.87  1.328
 56.35  1.386
 58.84  1.442
 61.32  1.495
 63.80  1.546
 66.28  1.593
 68.77  1.638
 71.25  1.680
 73.73  1.750
 76.21  1.818
 78.69  1.867
 81.18  1.927
 83.66  1.982
 86.14  2.016
 88.62  2.056
 91.11  2.114
 93.59  2.176
 96.07  2.240
 98.55  2.306
101.03  2.373
103.52  2.440
106.00  2.506
108.48  2.571
110.96  2.634
113.44  2.695
115.93  2.751
118.41  2.803
120.89  2.850
123.37  2.891
125.86  2.926
128.34  2.956
130.82  2.984
133.30  3.014
135.78  3.046
138.27  3.080
140.75  3.117
143.23  3.155
145.71  3.195
148.20  3.237
150.68  3.280
153.16  3.325
155.64  3.372
158.12  3.420
160.61  3.469
163.09  3.520
165.57  3.571
168.05  3.624
170.53  3.678
173.02  3.732
175.50  3.788
177.98  3.843
180.46  3.900
182.95  3.957
185.43  4.014
187.91  4.072
190.39  4.130
192.87  4.188
195.36  4.247
197.84  4.305
200.32  4.363
202.80  4.421
205.29  4.478
207.77  4.535
210.25  4.592
212.73  4.648
215.21  4.703
217.70  4.758
220.18  4.812
222.66  4.864
225.14  4.916
227.62  4.967
230.11  5.016
232.59  5.064
235.07  5.111
237.55  5.157
240.04  5.200
242.52  5.242
245.00  5.282
