-100.00 26.000
-64.50 26.000
-23.65 26.000
-21.50  6.000
-19.33  5.132
-17.16  4.279
-14.98  3.457
-12.81  2.681
-10.64  1.966
 -8.47  1.329
 -6.30  0.791
 -4.13  0.375
 -1.95  0.103
  0.00 -0.000
  1.53  0.014
  3.71  0.056
  5.89  0.092
  8.07  0.120
 10.25  0.212
 12.42  0.259
 14.60  0.323
 16.78  0.395
 18.96  0.466
 21.14  0.536
 23.32  0.606
 25.49  0.675
 27.67  0.744
 29.85  0.812
 32.03  0.880
 34.21  0.947
 36.38  1.014
 38.56  1.079
 40.74  1.144
 42.92  1.207
 45.10  1.269
 47.28  1.328
 49.45  1.386
 51.63  1.442
 53.81  1.495
 55.99  1.546
 58.17  1.593
 60.35  1.638
 62.52  1.680
 64.70  1.750
 66.88  1.818
 69.06  1.867
 71.24  1.927
 73.41  1.982
 75.59  2.016
 77.77  2.056
 79.95  2.114
 82.13  2.176
 84.31  2.240
 86.48  2.306
 88.66  2.373
 90.84  2.440
 93.02  2.506
 95.20  2.571
 97.38  2.634
 99.55  2.695
101.73  2.751
103.91  2.803
106.09  2.850
108.27  2.891
110.44  2.926
112.62  2.956
114.80  2.984
116.98  3.014
119.16  3.046
121.34  3.080
123.51  3.117
125.69  3.155
127.87  3.195
130.05  3.237
132.23  3.280
134.41  3.325
136.58  3.372
138.76  3.420
140.94  3.469
143.12  3.520
145.30  3.571
147.47  3.624
149.65  3.678
151.83  3.732
154.01  3.787
156.19  3.844
158.37  3.900
160.54  3.957
162.72  4.015
164.90  4.072
167.08  4.130
169.26  4.188
171.44  4.247
173.61  4.305
175.79  4.363
177.97  4.421
180.15  4.478
182.33  4.535
184.50  4.592
186.68  4.648
188.86  4.703
191.04  4.758
193.22  4.812
195.40  4.864
197.57  4.916
199.75  4.967
201.93  5.016
204.11  5.064
206.29  5.111
208.47  5.156
210.64  5.200
212.82  5.242
215.00  5.283
