-100.00 52.259
-63.00 52.259
-23.10 52.259
-21.00 32.259
-18.88 31.391
-16.76 30.538
-14.64 29.716
-12.52 28.940
-10.39 28.225
 -8.27 27.588
 -6.15 27.050
 -4.03 26.634
 -1.91 26.362
  0.00 26.259
  1.50 26.273
  3.63 26.315
  5.75 26.351
  7.88 26.379
 10.01 26.471
 12.14 26.518
 14.26 26.582
 16.39 26.654
 18.52 26.724
 20.65 26.795
 22.77 26.865
 24.90 26.934
 27.03 27.003
 29.16 27.071
 31.28 27.139
 33.41 27.206
 35.54 27.273
 37.67 27.338
 39.79 27.403
 41.92 27.466
 44.05 27.528
 46.18 27.587
 48.30 27.645
 50.43 27.701
 52.56 27.754
 54.69 27.805
 56.81 27.852
 58.94 27.897
 61.07 27.939
 63.20 28.009
 65.32 28.077
 67.45 28.126
 69.58 28.186
 71.71 28.241
 73.84 28.275
 75.96 28.315
 78.09 28.373
 80.22 28.435
 82.35 28.499
 84.47 28.565
 86.60 28.632
 88.73 28.699
 90.86 28.765
 92.98 28.830
 95.11 28.893
 97.24 28.954
 99.37 29.010
101.49 29.062
103.62 29.109
105.75 29.150
107.88 29.185
110.00 29.215
112.13 29.243
114.26 29.273
116.39 29.305
118.51 29.339
120.64 29.376
122.77 29.414
124.90 29.454
127.02 29.496
129.15 29.539
131.28 29.584
133.41 29.631
135.53 29.679
137.66 29.728
139.79 29.779
141.92 29.830
144.05 29.883
146.17 29.937
148.30 29.991
150.43 30.047
152.56 30.102
154.68 30.159
156.81 30.216
158.94 30.273
161.07 30.331
163.19 30.389
165.32 30.447
167.45 30.506
169.58 30.564
171.70 30.622
173.83 30.680
175.96 30.737
178.09 30.794
180.21 30.851
182.34 30.907
184.47 30.962
186.60 31.017
188.72 31.071
190.85 31.123
192.98 31.175
195.11 31.226
197.23 31.275
199.36 31.323
201.49 31.370
203.62 31.416
205.74 31.459
207.87 31.501
210.00 31.541
