-100.00 26.000
-72.00 26.000
-26.40 26.000
-24.00  6.000
-21.58  5.132
-19.15  4.279
-16.73  3.457
-14.30  2.681
-11.88  1.966
 -9.45  1.329
 -7.03  0.791
 -4.61  0.375
 -2.18  0.103
  0.00 -0.000
  1.71  0.014
  4.14  0.056
  6.57  0.092
  9.01  0.120
 11.44  0.212
 13.87  0.259
 16.30  0.323
 18.73  0.395
 21.16  0.466
 23.60  0.536
 26.03  0.606
 28.46  0.675
 30.89  0.744
 33.32  0.812
 35.75  0.880
 38.18  0.947
 40.62  1.014
 43.05  1.079
 45.48  1.144
 47.91  1.207
 50.34  1.269
 52.77  1.328
 55.20  1.386
 57.64  1.442
 60.07  1.495
 62.50  1.546
 64.93  1.593
 67.36  1.638
 69.79  1.680
 72.23  1.750
 74.66  1.818
 77.09  1.867
 79.52  1.927
 81.95  1.982
 84.38  2.016
 86.81  2.056
 89.25  2.114
 91.68  2.176
 94.11  2.240
 96.54  2.306
 98.97  2.373
101.40  2.440
103.84  2.506
106.27  2.571
108.70  2.634
111.13  2.695
113.56  2.751
115.99  2.803
118.42  2.850
120.86  2.891
123.29  2.926
125.72  2.956
128.15  2.984
130.58  3.014
133.01  3.046
135.44  3.080
137.88  3.117
140.31  3.155
142.74  3.195
145.17  3.237
147.60  3.280
150.03  3.325
152.47  3.372
154.90  3.420
157.33  3.469
159.76  3.520
162.19  3.571
164.62  3.624
167.05  3.678
169.49  3.732
171.92  3.787
174.35  3.844
176.78  3.900
179.21  3.957
181.64  4.015
184.08  4.072
186.51  4.130
188.94  4.188
191.37  4.247
193.80  4.305
196.23  4.363
198.66  4.421
201.10  4.478
203.53  4.535
205.96  4.592
208.39  4.648
210.82  4.703
213.25  4.758
215.68  4.812
218.12  4.864
220.55  4.916
222.98  4.967
225.41  5.016
227.84  5.064
230.27  5.111
232.71  5.156
235.14  5.200
237.57  5.242
240.00  5.283
