-100.00 52.957
-67.50 52.957
-24.75 52.957
-22.50 32.957
-20.23 32.089
-17.95 31.236
-15.68 30.414
-13.41 29.638
-11.14 28.923
 -8.86 28.286
 -6.59 27.748
 -4.32 27.332
 -2.05 27.060
  0.00 26.957
  1.60 26.971
  3.88 27.013
  6.16 27.049
  8.44 27.077
 10.72 27.169
 13.00 27.216
 15.28 27.280
 17.56 27.352
 19.84 27.422
 22.12 27.493
 24.40 27.563
 26.68 27.632
 28.96 27.701
 31.24 27.769
 33.52 27.837
 35.80 27.904
 38.08 27.971
 40.36 28.036
 42.64 28.101
 44.92 28.164
 47.20 28.226
 49.48 28.285
 51.75 28.343
 54.03 28.399
 56.31 28.452
 58.59 28.503
 60.87 28.550
 63.15 28.595
 65.43 28.637
 67.71 28.707
 69.99 28.775
 72.27 28.824
 74.55 28.884
 76.83 28.939
 79.11 28.973
 81.39 29.013
 83.67 29.071
 85.95 29.133
 88.23 29.197
 90.51 29.263
 92.79 29.330
 95.07 29.397
 97.35 29.463
 99.63 29.528
101.90 29.591
104.18 29.652
106.46 29.708
108.74 29.760
111.02 29.807
113.30 29.848
115.58 29.883
117.86 29.913
120.14 29.941
122.42 29.971
124.70 30.003
126.98 30.037
129.26 30.074
131.54 30.112
133.82 30.152
136.10 30.194
138.38 30.237
140.66 30.282
142.94 30.329
145.22 30.377
147.50 30.426
149.78 30.477
152.05 30.528
154.33 30.581
156.61 30.635
158.89 30.689
161.17 30.745
163.45 30.800
165.73 30.857
168.01 30.914
170.29 30.971
172.57 31.029
174.85 31.087
177.13 31.145
179.41 31.204
181.69 31.262
183.97 31.320
186.25 31.378
188.53 31.435
190.81 31.492
193.09 31.549
195.37 31.605
197.65 31.660
199.93 31.715
202.20 31.769
204.48 31.821
206.76 31.873
209.04 31.924
211.32 31.973
213.60 32.021
215.88 32.068
218.16 32.114
220.44 32.157
222.72 32.199
225.00 32.239
