-100.00 26.000
-70.50 26.000
-25.85 26.000
-23.50  6.000
-21.13  5.132
-18.75  4.279
-16.38  3.457
-14.01  2.681
-11.63  1.966
 -9.26  1.329
 -6.88  0.791
 -4.51  0.375
 -2.14  0.103
  0.00 -0.000
  1.68  0.014
  4.06  0.056
  6.44  0.092
  8.82  0.120
 11.20  0.212
 13.58  0.259
 15.96  0.323
 18.34  0.395
 20.72  0.466
 23.10  0.536
 25.48  0.606
 27.87  0.675
 30.25  0.744
 32.63  0.812
 35.01  0.880
 37.39  0.947
 39.77  1.014
 42.15  1.079
 44.53  1.144
 46.91  1.207
 49.29  1.269
 51.67  1.328
 54.05  1.386
 56.44  1.442
 58.82  1.495
 61.20  1.546
 63.58  1.593
 65.96  1.638
 68.34  1.680
 70.72  1.750
 73.10  1.818
 75.48  1.867
 77.86  1.927
 80.24  1.982
 82.63  2.016
 85.01  2.056
 87.39  2.114
 89.77  2.176
 92.15  2.240
 94.53  2.306
 96.91  2.373
 99.29  2.440
101.67  2.506
104.05  2.571
106.43  2.634
108.81  2.695
111.20  2.751
113.58  2.803
115.96  2.850
118.34  2.891
120.72  2.926
123.10  2.956
125.48  2.984
127.86  3.014
130.24  3.046
132.62  3.080
135.00  3.117
137.38  3.155
139.77  3.195
142.15  3.237
144.53  3.280
146.91  3.325
149.29  3.372
151.67  3.420
154.05  3.469
156.43  3.520
158.81  3.571
161.19  3.624
163.57  3.678
165.96  3.732
168.34  3.787
170.72  3.844
173.10  3.900
175.48  3.957
177.86  4.015
180.24  4.072
182.62  4.130
185.00  4.188
187.38  4.247
189.76  4.305
192.14  4.363
194.53  4.421
196.91  4.478
199.29  4.535
201.67  4.592
204.05  4.648
206.43  4.703
208.81  4.758
211.19  4.812
213.57  4.864
215.95  4.916
218.33  4.967
220.71  5.016
223.10  5.064
225.48  5.111
227.86  5.156
230.24  5.200
232.62  5.242
235.00  5.283
