-100.00 26.000
-60.00 26.000
-22.00 26.000
-20.00  6.000
-17.98  5.132
-15.96  4.279
-13.94  3.457
-11.92  2.681
 -9.90  1.966
 -7.88  1.329
 -5.86  0.791
 -3.84  0.375
 -1.82  0.103
  0.00  0.000
  1.43  0.013
  3.45  0.056
  5.48  0.092
  7.51  0.120
  9.53  0.212
 11.56  0.259
 13.58  0.323
 15.61  0.394
 17.64  0.466
 19.66  0.536
 21.69  0.606
 23.72  0.675
 25.74  0.744
 27.77  0.812
 29.79  0.880
 31.82  0.947
 33.85  1.014
 35.87  1.079
 37.90  1.144
 39.93  1.207
 41.95  1.269
 43.98  1.328
 46.00  1.386
 48.03  1.442
 50.06  1.495
 52.08  1.546
 54.11  1.593
 56.14  1.638
 58.16  1.680
 60.19  1.750
 62.21  1.818
 64.24  1.867
 66.27  1.927
 68.29  1.982
 70.32  2.016
 72.35  2.056
 74.37  2.114
 76.40  2.176
 78.42  2.240
 80.45  2.306
 82.48  2.373
 84.50  2.440
 86.53  2.506
 88.56  2.571
 90.58  2.634
 92.61  2.695
 94.63  2.751
 96.66  2.803
 98.69  2.850
100.71  2.891
102.74  2.926
104.77  2.956
106.79  2.984
108.82  3.014
110.84  3.046
112.87  3.080
114.90  3.117
116.92  3.155
118.95  3.195
120.98  3.237
123.00  3.280
125.03  3.325
127.05  3.372
129.08  3.420
131.11  3.469
133.13  3.520
135.16  3.571
137.19  3.624
139.21  3.678
141.24  3.732
143.26  3.787
145.29  3.844
147.32  3.900
149.34  3.957
151.37  4.015
153.40  4.072
155.42  4.130
157.45  4.188
159.47  4.247
161.50  4.305
163.53  4.363
165.55  4.421
167.58  4.478
169.61  4.535
171.63  4.592
173.66  4.648
175.68  4.703
177.71  4.758
179.74  4.812
181.76  4.864
183.79  4.916
185.82  4.967
187.84  5.016
189.87  5.064
191.90  5.111
193.92  5.156
195.95  5.200
197.97  5.242
200.00  5.283
