-100.00 26.000
-69.00 26.000
-25.30 26.000
-23.00  6.000
-20.68  5.132
-18.35  4.279
-16.03  3.457
-13.71  2.681
-11.38  1.966
 -9.06  1.329
 -6.74  0.791
 -4.41  0.375
 -2.09  0.103
  0.00  0.000
  1.64  0.013
  3.97  0.056
  6.30  0.092
  8.63  0.120
 10.96  0.212
 13.29  0.259
 15.62  0.323
 17.95  0.394
 20.28  0.466
 22.61  0.536
 24.94  0.606
 27.27  0.675
 29.60  0.744
 31.93  0.812
 34.26  0.880
 36.59  0.947
 38.92  1.014
 41.25  1.079
 43.58  1.144
 45.91  1.207
 48.24  1.269
 50.57  1.328
 52.90  1.386
 55.23  1.442
 57.57  1.495
 59.90  1.546
 62.23  1.593
 64.56  1.638
 66.89  1.680
 69.22  1.750
 71.55  1.818
 73.88  1.867
 76.21  1.927
 78.54  1.982
 80.87  2.016
 83.20  2.056
 85.53  2.114
 87.86  2.176
 90.19  2.240
 92.52  2.306
 94.85  2.373
 97.18  2.440
 99.51  2.506
101.84  2.571
104.17  2.634
106.50  2.695
108.83  2.751
111.16  2.803
113.49  2.850
115.82  2.891
118.15  2.926
120.48  2.956
122.81  2.984
125.14  3.014
127.47  3.046
129.80  3.080
132.13  3.117
134.46  3.155
136.79  3.195
139.12  3.237
141.45  3.280
143.78  3.325
146.11  3.372
148.44  3.420
150.77  3.469
153.10  3.520
155.43  3.571
157.76  3.624
160.09  3.678
162.42  3.732
164.75  3.787
167.08  3.844
169.41  3.900
171.74  3.957
174.08  4.015
176.41  4.072
178.74  4.130
181.07  4.188
183.40  4.247
185.73  4.305
188.06  4.363
190.39  4.421
192.72  4.478
195.05  4.535
197.38  4.592
199.71  4.648
202.04  4.703
204.37  4.758
206.70  4.812
209.03  4.864
211.36  4.916
213.69  4.967
216.02  5.016
218.35  5.064
220.68  5.111
223.01  5.156
225.34  5.200
227.67  5.242
230.00  5.283
