-100.00 53.227
-69.00 53.227
-25.30 53.227
-23.00 33.227
-20.68 32.359
-18.35 31.506
-16.03 30.684
-13.71 29.908
-11.38 29.193
 -9.06 28.556
 -6.74 28.018
 -4.41 27.602
 -2.09 27.330
  0.00 27.227
  1.64 27.240
  3.97 27.283
  6.30 27.319
  8.63 27.347
 10.96 27.439
 13.29 27.486
 15.62 27.550
 17.95 27.621
 20.28 27.693
 22.61 27.763
 24.94 27.833
 27.27 27.902
 29.60 27.971
 31.93 28.039
 34.26 28.107
 36.59 28.174
 38.92 28.241
 41.25 28.306
 43.58 28.371
 45.91 28.434
 48.24 28.496
 50.57 28.555
 52.90 28.613
 55.23 28.669
 57.57 28.722
 59.90 28.773
 62.23 28.820
 64.56 28.865
 66.89 28.907
 69.22 28.977
 71.55 29.045
 73.88 29.094
 76.21 29.154
 78.54 29.209
 80.87 29.243
 83.20 29.283
 85.53 29.341
 87.86 29.403
 90.19 29.467
 92.52 29.533
 94.85 29.600
 97.18 29.667
 99.51 29.733
101.84 29.798
104.17 29.861
106.50 29.922
108.83 29.978
111.16 30.030
113.49 30.077
115.82 30.118
118.15 30.153
120.48 30.183
122.81 30.211
125.14 30.241
127.47 30.273
129.80 30.307
132.13 30.344
134.46 30.382
136.79 30.422
139.12 30.464
141.45 30.507
143.78 30.552
146.11 30.599
148.44 30.647
150.77 30.696
153.10 30.747
155.43 30.798
157.76 30.851
160.09 30.905
162.42 30.959
164.75 31.014
167.08 31.071
169.41 31.127
171.74 31.184
174.08 31.242
176.41 31.299
178.74 31.357
181.07 31.415
183.40 31.474
185.73 31.532
188.06 31.590
190.39 31.648
192.72 31.705
195.05 31.762
197.38 31.819
199.71 31.875
202.04 31.930
204.37 31.985
206.70 32.039
209.03 32.091
211.36 32.143
213.69 32.194
216.02 32.243
218.35 32.291
220.68 32.338
223.01 32.383
225.34 32.427
227.67 32.469
230.00 32.510
