-100.00 26.000
-67.50 26.000
-24.75 26.000
-22.50  6.000
-20.23  5.132
-17.95  4.279
-15.68  3.457
-13.41  2.681
-11.14  1.966
 -8.86  1.329
 -6.59  0.791
 -4.32  0.375
 -2.05  0.103
  0.00  0.000
  1.60  0.014
  3.88  0.056
  6.16  0.092
  8.44  0.120
 10.72  0.212
 13.00  0.259
 15.28  0.323
 17.56  0.395
 19.84  0.465
 22.12  0.536
 24.40  0.606
 26.68  0.675
 28.96  0.744
 31.24  0.812
 33.52  0.880
 35.80  0.947
 38.08  1.014
 40.36  1.079
 42.64  1.144
 44.92  1.207
 47.20  1.269
 49.48  1.328
 51.75  1.386
 54.03  1.442
 56.31  1.495
 58.59  1.546
 60.87  1.593
 63.15  1.638
 65.43  1.680
 67.71  1.750
 69.99  1.818
 72.27  1.867
 74.55  1.927
 76.83  1.982
 79.11  2.016
 81.39  2.056
 83.67  2.114
 85.95  2.176
 88.23  2.240
 90.51  2.306
 92.79  2.373
 95.07  2.440
 97.35  2.506
 99.63  2.571
101.90  2.634
104.18  2.695
106.46  2.751
108.74  2.803
111.02  2.850
113.30  2.891
115.58  2.926
117.86  2.956
120.14  2.984
122.42  3.014
124.70  3.046
126.98  3.080
129.26  3.117
131.54  3.155
133.82  3.195
136.10  3.237
138.38  3.280
140.66  3.325
142.94  3.372
145.22  3.420
147.50  3.469
149.78  3.520
152.05  3.571
154.33  3.624
156.61  3.678
158.89  3.732
161.17  3.788
163.45  3.843
165.73  3.900
168.01  3.957
170.29  4.014
172.57  4.072
174.85  4.130
177.13  4.188
179.41  4.247
181.69  4.305
183.97  4.363
186.25  4.421
188.53  4.478
190.81  4.535
193.09  4.592
195.37  4.648
197.65  4.703
199.93  4.758
202.20  4.812
204.48  4.864
206.76  4.916
209.04  4.967
211.32  5.016
213.60  5.064
215.88  5.111
218.16  5.157
220.44  5.200
222.72  5.242
225.00  5.282
