# The color parameter c distribution from Hatano+1998 simulation.
-1.000 0.0000
-0.990 0.0000
-0.980 0.0000
-0.970 0.0000
-0.960 0.0000
-0.950 0.0000
-0.940 0.0000
-0.930 0.0000
-0.920 0.0000
-0.910 0.0000
-0.900 0.0000
-0.890 0.0000
-0.880 0.0000
-0.870 0.0000
-0.860 0.0000
-0.850 0.0000
-0.840 0.0000
-0.830 0.0000
-0.820 0.0000
-0.810 0.0000
-0.800 0.0000
-0.790 0.0000
-0.780 0.0000
-0.770 0.0000
-0.760 0.0000
-0.750 0.0000
-0.740 0.0000
-0.730 0.0000
-0.720 0.0000
-0.710 0.0000
-0.700 0.0000
-0.690 0.0000
-0.680 0.0000
-0.670 0.0000
-0.660 0.0000
-0.650 0.0000
-0.640 0.0000
-0.630 0.0000
-0.620 0.0000
-0.610 0.0000
-0.600 0.0000
-0.590 0.0000
-0.580 0.0000
-0.570 0.0000
-0.560 0.0000
-0.550 0.0000
-0.540 0.0000
-0.530 0.0000
-0.520 0.0000
-0.510 0.0000
-0.500 0.0000
-0.490 0.0000
-0.480 0.0000
-0.470 0.0000
-0.460 0.0000
-0.450 0.0000
-0.440 0.0000
-0.430 0.0000
-0.420 0.0000
-0.410 0.0000
-0.400 0.0001
-0.390 0.0001
-0.380 0.0002
-0.370 0.0003
-0.360 0.0004
-0.350 0.0007
-0.340 0.0010
-0.330 0.0015
-0.320 0.0023
-0.310 0.0034
-0.300 0.0049
-0.290 0.0070
-0.280 0.0100
-0.270 0.0140
-0.260 0.0194
-0.250 0.0266
-0.240 0.0360
-0.230 0.0482
-0.220 0.0638
-0.210 0.0834
-0.200 0.1077
-0.190 0.1375
-0.180 0.1736
-0.170 0.2167
-0.160 0.2673
-0.150 0.3260
-0.140 0.3931
-0.130 0.4686
-0.120 0.5524
-0.110 0.6439
-0.100 0.7422
-0.090 0.8462
-0.080 0.9541
-0.070 1.0641
-0.060 1.1741
-0.050 1.2817
-0.040 1.3843
-0.030 1.4797
-0.020 1.5653
-0.010 1.6392
0.000 1.6995
0.010 1.7449
0.020 1.7744
0.030 1.7876
0.040 1.7846
0.050 1.7659
0.060 1.7328
0.070 1.6865
0.080 1.6288
0.090 1.5617
0.100 1.4873
0.110 1.4075
0.120 1.3246
0.130 1.2403
0.140 1.1564
0.150 1.0744
0.160 0.9955
0.170 0.9207
0.180 0.8506
0.190 0.7857
0.200 0.7264
0.210 0.6726
0.220 0.6242
0.230 0.5811
0.240 0.5429
0.250 0.5093
0.260 0.4798
0.270 0.4541
0.280 0.4318
0.290 0.4125
0.300 0.3958
0.310 0.3813
0.320 0.3687
0.330 0.3579
0.340 0.3484
0.350 0.3402
0.360 0.3330
0.370 0.3267
0.380 0.3211
0.390 0.3161
0.400 0.3116
0.410 0.3076
0.420 0.3039
0.430 0.3006
0.440 0.2975
0.450 0.2946
0.460 0.2919
0.470 0.2893
0.480 0.2869
0.490 0.2846
0.500 0.2824
0.510 0.2803
0.520 0.2782
0.530 0.2762
0.540 0.2742
0.550 0.2723
0.560 0.2705
0.570 0.2686
0.580 0.2668
0.590 0.2651
0.600 0.2633
0.610 0.2616
0.620 0.2599
0.630 0.2582
0.640 0.2565
0.650 0.2548
0.660 0.2532
0.670 0.2515
0.680 0.2499
0.690 0.2483
0.700 0.2467
0.710 0.2451
0.720 0.2436
0.730 0.2420
0.740 0.2405
0.750 0.2389
0.760 0.2374
0.770 0.2359
0.780 0.2344
0.790 0.2329
0.800 0.2314
0.810 0.2299
0.820 0.2284
0.830 0.2270
0.840 0.2255
0.850 0.2241
0.860 0.2227
0.870 0.2212
0.880 0.2198
0.890 0.2184
0.900 0.2170
0.910 0.2156
0.920 0.2143
0.930 0.2129
0.940 0.2115
0.950 0.2102
0.960 0.2089
0.970 0.2075
0.980 0.2062
0.990 0.2049
1.000 0.2036
1.010 0.2023
1.020 0.2010
1.030 0.1997
1.040 0.1984
1.050 0.1972
1.060 0.1959
1.070 0.1947
1.080 0.1934
1.090 0.1922
1.100 0.1910
1.110 0.1897
1.120 0.1885
1.130 0.1873
1.140 0.1861
1.150 0.1849
1.160 0.1838
1.170 0.1826
1.180 0.1814
1.190 0.1803
1.200 0.1791
1.210 0.1780
1.220 0.1768
1.230 0.1757
1.240 0.1746
1.250 0.1735
1.260 0.1724
1.270 0.1713
1.280 0.1702
1.290 0.1691
1.300 0.1680
1.310 0.1669
1.320 0.1659
1.330 0.1648
1.340 0.1638
1.350 0.1627
1.360 0.1617
1.370 0.1607
1.380 0.1596
1.390 0.1586
1.400 0.1576
1.410 0.1566
1.420 0.1556
1.430 0.1546
1.440 0.1536
1.450 0.1526
1.460 0.1517
1.470 0.1507
1.480 0.1497
1.490 0.1488
1.500 0.1478
1.510 0.1469
1.520 0.1459
1.530 0.1450
1.540 0.1441
1.550 0.1432
1.560 0.1423
1.570 0.1413
1.580 0.1404
1.590 0.1396
1.600 0.1387
1.610 0.1378
1.620 0.1369
1.630 0.1360
1.640 0.1352
1.650 0.1343
1.660 0.1334
1.670 0.1326
1.680 0.1317
1.690 0.1309
1.700 0.1301
1.710 0.1292
1.720 0.1284
1.730 0.1276
1.740 0.1268
1.750 0.1260
1.760 0.1252
1.770 0.1244
1.780 0.1236
1.790 0.1228
1.800 0.1220
1.810 0.1212
1.820 0.1204
1.830 0.1197
1.840 0.1189
1.850 0.1182
1.860 0.1174
1.870 0.1167
1.880 0.1159
1.890 0.1152
1.900 0.1144
1.910 0.1137
1.920 0.1130
1.930 0.1123
1.940 0.1115
1.950 0.1108
1.960 0.1101
1.970 0.1094
1.980 0.1087
1.990 0.1080
2.000 0.1073
2.010 0.1067
2.020 0.1060
2.030 0.1053
2.040 0.1046
2.050 0.1040
2.060 0.1033
2.070 0.1026
2.080 0.1020
2.090 0.1013
2.100 0.1007
2.110 0.1000
2.120 0.0994
2.130 0.0988
2.140 0.0981
2.150 0.0975
2.160 0.0969
2.170 0.0963
2.180 0.0957
2.190 0.0951
2.200 0.0944
2.210 0.0938
2.220 0.0932
2.230 0.0927
2.240 0.0921
2.250 0.0915
2.260 0.0909
2.270 0.0903
2.280 0.0897
2.290 0.0892
2.300 0.0886
2.310 0.0880
2.320 0.0875
2.330 0.0869
2.340 0.0864
2.350 0.0858
2.360 0.0853
2.370 0.0847
2.380 0.0842
2.390 0.0836
2.400 0.0831
2.410 0.0826
2.420 0.0820
2.430 0.0815
2.440 0.0810
2.450 0.0805
2.460 0.0800
2.470 0.0795
2.480 0.0790
2.490 0.0784
2.500 0.0779
2.510 0.0774
2.520 0.0770
2.530 0.0765
2.540 0.0760
2.550 0.0755
2.560 0.0750
2.570 0.0745
2.580 0.0741
2.590 0.0736
2.600 0.0731
2.610 0.0726
2.620 0.0722
2.630 0.0717
2.640 0.0713
2.650 0.0708
2.660 0.0704
2.670 0.0699
2.680 0.0695
2.690 0.0690
2.700 0.0686
2.710 0.0681
2.720 0.0677
2.730 0.0673
2.740 0.0668
2.750 0.0664
2.760 0.0660
2.770 0.0656
2.780 0.0652
2.790 0.0647
2.800 0.0643
2.810 0.0639
2.820 0.0635
2.830 0.0631
2.840 0.0627
2.850 0.0623
2.860 0.0619
2.870 0.0615
2.880 0.0611
2.890 0.0607
2.900 0.0603
2.910 0.0600
2.920 0.0596
2.930 0.0592
2.940 0.0588
2.950 0.0584
2.960 0.0581
2.970 0.0577
2.980 0.0573
2.990 0.0570
3.000 0.0566
3.010 0.0562
3.020 0.0559
3.030 0.0555
3.040 0.0552
3.050 0.0548
3.060 0.0545
3.070 0.0541
3.080 0.0538
3.090 0.0534
3.100 0.0531
3.110 0.0528
3.120 0.0524
3.130 0.0521
3.140 0.0518
3.150 0.0514
3.160 0.0511
3.170 0.0508
3.180 0.0504
3.190 0.0501
3.200 0.0498
3.210 0.0495
3.220 0.0492
3.230 0.0489
3.240 0.0485
3.250 0.0482
3.260 0.0479
3.270 0.0476
3.280 0.0473
3.290 0.0470
3.300 0.0467
3.310 0.0464
3.320 0.0461
3.330 0.0458
3.340 0.0455
3.350 0.0452
3.360 0.0450
3.370 0.0447
3.380 0.0444
3.390 0.0441
3.400 0.0438
3.410 0.0435
3.420 0.0433
3.430 0.0430
3.440 0.0427
3.450 0.0424
3.460 0.0422
3.470 0.0419
3.480 0.0416
3.490 0.0414
3.500 0.0411
3.510 0.0408
3.520 0.0406
3.530 0.0403
3.540 0.0401
3.550 0.0398
3.560 0.0396
3.570 0.0393
3.580 0.0390
3.590 0.0388
3.600 0.0386
3.610 0.0383
3.620 0.0381
3.630 0.0378
3.640 0.0376
3.650 0.0373
3.660 0.0371
3.670 0.0369
3.680 0.0366
3.690 0.0364
3.700 0.0362
3.710 0.0359
3.720 0.0357
3.730 0.0355
3.740 0.0352
3.750 0.0350
3.760 0.0348
3.770 0.0346
3.780 0.0344
3.790 0.0341
3.800 0.0339
3.810 0.0337
3.820 0.0335
3.830 0.0333
3.840 0.0331
3.850 0.0329
3.860 0.0326
3.870 0.0324
3.880 0.0322
3.890 0.0320
3.900 0.0318
3.910 0.0316
3.920 0.0314
3.930 0.0312
3.940 0.0310
3.950 0.0308
3.960 0.0306
3.970 0.0304
3.980 0.0302
3.990 0.0300
4.000 0.0298
4.010 0.0297
4.020 0.0295
4.030 0.0293
4.040 0.0291
4.050 0.0289
4.060 0.0287
4.070 0.0285
4.080 0.0284
4.090 0.0282
4.100 0.0280
4.110 0.0278
4.120 0.0276
4.130 0.0275
4.140 0.0273
4.150 0.0271
4.160 0.0269
4.170 0.0268
4.180 0.0266
4.190 0.0264
4.200 0.0263
4.210 0.0261
4.220 0.0259
4.230 0.0258
4.240 0.0256
4.250 0.0254
4.260 0.0253
4.270 0.0251
4.280 0.0249
4.290 0.0248
4.300 0.0246
4.310 0.0245
4.320 0.0243
4.330 0.0242
4.340 0.0240
4.350 0.0239
4.360 0.0237
4.370 0.0236
4.380 0.0234
4.390 0.0233
4.400 0.0231
4.410 0.0230
4.420 0.0228
4.430 0.0227
4.440 0.0225
4.450 0.0224
4.460 0.0222
4.470 0.0221
4.480 0.0220
4.490 0.0218
4.500 0.0217
4.510 0.0215
4.520 0.0214
4.530 0.0213
4.540 0.0211
4.550 0.0210
4.560 0.0209
4.570 0.0207
4.580 0.0206
4.590 0.0205
4.600 0.0203
4.610 0.0202
4.620 0.0201
4.630 0.0199
4.640 0.0198
4.650 0.0197
4.660 0.0196
4.670 0.0194
4.680 0.0193
4.690 0.0192
4.700 0.0191
4.710 0.0189
4.720 0.0188
4.730 0.0187
4.740 0.0186
4.750 0.0185
4.760 0.0184
4.770 0.0182
4.780 0.0181
4.790 0.0180
4.800 0.0179
4.810 0.0178
4.820 0.0177
4.830 0.0175
4.840 0.0174
4.850 0.0173
4.860 0.0172
4.870 0.0171
4.880 0.0170
4.890 0.0169
4.900 0.0168
4.910 0.0167
4.920 0.0166
4.930 0.0165
4.940 0.0164
4.950 0.0162
4.960 0.0161
4.970 0.0160
4.980 0.0159
4.990 0.0158
