# The color parameter c distribution from SDSS-II observation.
# See Kessler+2009 for details.
-1.000 0.0000
-0.990 0.0000
-0.980 0.0000
-0.970 0.0000
-0.960 0.0000
-0.950 0.0000
-0.940 0.0000
-0.930 0.0000
-0.920 0.0000
-0.910 0.0000
-0.900 0.0000
-0.890 0.0000
-0.880 0.0000
-0.870 0.0000
-0.860 0.0000
-0.850 0.0000
-0.840 0.0000
-0.830 0.0000
-0.820 0.0000
-0.810 0.0000
-0.800 0.0000
-0.790 0.0000
-0.780 0.0000
-0.770 0.0000
-0.760 0.0000
-0.750 0.0000
-0.740 0.0000
-0.730 0.0000
-0.720 0.0000
-0.710 0.0000
-0.700 0.0000
-0.690 0.0000
-0.680 0.0000
-0.670 0.0000
-0.660 0.0000
-0.650 0.0000
-0.640 0.0000
-0.630 0.0000
-0.620 0.0000
-0.610 0.0000
-0.600 0.0000
-0.590 0.0000
-0.580 0.0000
-0.570 0.0000
-0.560 0.0000
-0.550 0.0000
-0.540 0.0000
-0.530 0.0000
-0.520 0.0000
-0.510 0.0000
-0.500 0.0000
-0.490 0.0000
-0.480 0.0000
-0.470 0.0000
-0.460 0.0000
-0.450 0.0000
-0.440 0.0001
-0.430 0.0001
-0.420 0.0002
-0.410 0.0003
-0.400 0.0004
-0.390 0.0007
-0.380 0.0010
-0.370 0.0015
-0.360 0.0023
-0.350 0.0033
-0.340 0.0048
-0.330 0.0068
-0.320 0.0096
-0.310 0.0134
-0.300 0.0185
-0.290 0.0252
-0.280 0.0340
-0.270 0.0454
-0.260 0.0598
-0.250 0.0780
-0.240 0.1005
-0.230 0.1282
-0.220 0.1616
-0.210 0.2016
-0.200 0.2488
-0.190 0.3036
-0.180 0.3667
-0.170 0.4382
-0.160 0.5182
-0.150 0.6065
-0.140 0.7026
-0.130 0.8058
-0.120 0.9150
-0.110 1.0290
-0.100 1.1462
-0.090 1.2648
-0.080 1.3829
-0.070 1.4986
-0.060 1.6099
-0.050 1.7149
-0.040 1.8118
-0.030 1.8992
-0.020 1.9757
-0.010 2.0403
0.000 2.0926
0.010 2.1321
0.020 2.1589
0.030 2.1733
0.040 2.1760
0.050 2.1678
0.060 2.1496
0.070 2.1225
0.080 2.0879
0.090 2.0467
0.100 2.0003
0.110 1.9497
0.120 1.8959
0.130 1.8399
0.140 1.7825
0.150 1.7244
0.160 1.6662
0.170 1.6084
0.180 1.5514
0.190 1.4954
0.200 1.4408
0.210 1.3875
0.220 1.3359
0.230 1.2858
0.240 1.2374
0.250 1.1907
0.260 1.1457
0.270 1.1022
0.280 1.0604
0.290 1.0201
0.300 0.9814
0.310 0.9441
0.320 0.9082
0.330 0.8736
0.340 0.8404
0.350 0.8084
0.360 0.7777
0.370 0.7481
0.380 0.7196
0.390 0.6922
0.400 0.6659
0.410 0.6406
0.420 0.6162
0.430 0.5927
0.440 0.5702
0.450 0.5485
0.460 0.5276
0.470 0.5076
0.480 0.4882
0.490 0.4697
0.500 0.4518
0.510 0.4346
0.520 0.4181
0.530 0.4022
0.540 0.3869
0.550 0.3721
0.560 0.3580
0.570 0.3444
0.580 0.3313
0.590 0.3187
0.600 0.3065
0.610 0.2949
0.620 0.2837
0.630 0.2729
0.640 0.2625
0.650 0.2525
0.660 0.2429
0.670 0.2336
0.680 0.2248
0.690 0.2162
0.700 0.2080
0.710 0.2001
0.720 0.1925
0.730 0.1851
0.740 0.1781
0.750 0.1713
0.760 0.1648
0.770 0.1585
0.780 0.1525
0.790 0.1467
0.800 0.1411
0.810 0.1357
0.820 0.1306
0.830 0.1256
0.840 0.1208
0.850 0.1162
0.860 0.1118
0.870 0.1076
0.880 0.1035
0.890 0.0995
0.900 0.0957
0.910 0.0921
0.920 0.0886
0.930 0.0852
0.940 0.0820
0.950 0.0789
0.960 0.0759
0.970 0.0730
0.980 0.0702
0.990 0.0675
1.000 0.0650
1.010 0.0625
1.020 0.0601
1.030 0.0578
1.040 0.0556
1.050 0.0535
1.060 0.0515
1.070 0.0495
1.080 0.0476
1.090 0.0458
1.100 0.0441
1.110 0.0424
1.120 0.0408
1.130 0.0392
1.140 0.0377
1.150 0.0363
1.160 0.0349
1.170 0.0336
1.180 0.0323
1.190 0.0311
1.200 0.0299
1.210 0.0288
1.220 0.0277
1.230 0.0266
1.240 0.0256
1.250 0.0246
1.260 0.0237
1.270 0.0228
1.280 0.0219
1.290 0.0211
1.300 0.0203
1.310 0.0195
1.320 0.0188
1.330 0.0181
1.340 0.0174
1.350 0.0167
1.360 0.0161
1.370 0.0155
1.380 0.0149
1.390 0.0143
1.400 0.0138
1.410 0.0132
1.420 0.0127
1.430 0.0123
1.440 0.0118
1.450 0.0113
1.460 0.0109
1.470 0.0105
1.480 0.0101
1.490 0.0097
1.500 0.0093
1.510 0.0090
1.520 0.0086
1.530 0.0083
1.540 0.0080
1.550 0.0077
1.560 0.0074
1.570 0.0071
1.580 0.0068
1.590 0.0066
1.600 0.0063
1.610 0.0061
1.620 0.0059
1.630 0.0056
1.640 0.0054
1.650 0.0052
1.660 0.0050
1.670 0.0048
1.680 0.0046
1.690 0.0045
1.700 0.0043
1.710 0.0041
1.720 0.0040
1.730 0.0038
1.740 0.0037
1.750 0.0035
1.760 0.0034
1.770 0.0033
1.780 0.0032
1.790 0.0030
1.800 0.0029
1.810 0.0028
1.820 0.0027
1.830 0.0026
1.840 0.0025
1.850 0.0024
1.860 0.0023
1.870 0.0022
1.880 0.0021
1.890 0.0021
1.900 0.0020
1.910 0.0019
1.920 0.0018
1.930 0.0018
1.940 0.0017
1.950 0.0016
1.960 0.0016
1.970 0.0015
1.980 0.0015
1.990 0.0014
2.000 0.0013
2.010 0.0013
2.020 0.0012
2.030 0.0012
2.040 0.0011
2.050 0.0011
2.060 0.0011
2.070 0.0010
2.080 0.0010
2.090 0.0009
2.100 0.0009
2.110 0.0009
2.120 0.0008
2.130 0.0008
2.140 0.0008
2.150 0.0008
2.160 0.0007
2.170 0.0007
2.180 0.0007
2.190 0.0006
2.200 0.0006
2.210 0.0006
2.220 0.0006
2.230 0.0006
2.240 0.0005
2.250 0.0005
2.260 0.0005
2.270 0.0005
2.280 0.0005
2.290 0.0004
2.300 0.0004
2.310 0.0004
2.320 0.0004
2.330 0.0004
2.340 0.0004
2.350 0.0003
2.360 0.0003
2.370 0.0003
2.380 0.0003
2.390 0.0003
2.400 0.0003
2.410 0.0003
2.420 0.0003
2.430 0.0003
2.440 0.0002
2.450 0.0002
2.460 0.0002
2.470 0.0002
2.480 0.0002
2.490 0.0002
2.500 0.0002
2.510 0.0002
2.520 0.0002
2.530 0.0002
2.540 0.0002
2.550 0.0002
2.560 0.0002
2.570 0.0001
2.580 0.0001
2.590 0.0001
2.600 0.0001
2.610 0.0001
2.620 0.0001
2.630 0.0001
2.640 0.0001
2.650 0.0001
2.660 0.0001
2.670 0.0001
2.680 0.0001
2.690 0.0001
2.700 0.0001
2.710 0.0001
2.720 0.0001
2.730 0.0001
2.740 0.0001
2.750 0.0001
2.760 0.0001
2.770 0.0001
2.780 0.0001
2.790 0.0001
2.800 0.0001
2.810 0.0001
2.820 0.0001
2.830 0.0001
2.840 0.0001
2.850 0.0000
2.860 0.0000
2.870 0.0000
2.880 0.0000
2.890 0.0000
2.900 0.0000
2.910 0.0000
2.920 0.0000
2.930 0.0000
2.940 0.0000
2.950 0.0000
2.960 0.0000
2.970 0.0000
2.980 0.0000
2.990 0.0000
3.000 0.0000
3.010 0.0000
3.020 0.0000
3.030 0.0000
3.040 0.0000
3.050 0.0000
3.060 0.0000
3.070 0.0000
3.080 0.0000
3.090 0.0000
3.100 0.0000
3.110 0.0000
3.120 0.0000
3.130 0.0000
3.140 0.0000
3.150 0.0000
3.160 0.0000
3.170 0.0000
3.180 0.0000
3.190 0.0000
3.200 0.0000
3.210 0.0000
3.220 0.0000
3.230 0.0000
3.240 0.0000
3.250 0.0000
3.260 0.0000
3.270 0.0000
3.280 0.0000
3.290 0.0000
3.300 0.0000
3.310 0.0000
3.320 0.0000
3.330 0.0000
3.340 0.0000
3.350 0.0000
3.360 0.0000
3.370 0.0000
3.380 0.0000
3.390 0.0000
3.400 0.0000
3.410 0.0000
3.420 0.0000
3.430 0.0000
3.440 0.0000
3.450 0.0000
3.460 0.0000
3.470 0.0000
3.480 0.0000
3.490 0.0000
3.500 0.0000
3.510 0.0000
3.520 0.0000
3.530 0.0000
3.540 0.0000
3.550 0.0000
3.560 0.0000
3.570 0.0000
3.580 0.0000
3.590 0.0000
3.600 0.0000
3.610 0.0000
3.620 0.0000
3.630 0.0000
3.640 0.0000
3.650 0.0000
3.660 0.0000
3.670 0.0000
3.680 0.0000
3.690 0.0000
3.700 0.0000
3.710 0.0000
3.720 0.0000
3.730 0.0000
3.740 0.0000
3.750 0.0000
3.760 0.0000
3.770 0.0000
3.780 0.0000
3.790 0.0000
3.800 0.0000
3.810 0.0000
3.820 0.0000
3.830 0.0000
3.840 0.0000
3.850 0.0000
3.860 0.0000
3.870 0.0000
3.880 0.0000
3.890 0.0000
3.900 0.0000
3.910 0.0000
3.920 0.0000
3.930 0.0000
3.940 0.0000
3.950 0.0000
3.960 0.0000
3.970 0.0000
3.980 0.0000
3.990 0.0000
4.000 0.0000
4.010 0.0000
4.020 0.0000
4.030 0.0000
4.040 0.0000
4.050 0.0000
4.060 0.0000
4.070 0.0000
4.080 0.0000
4.090 0.0000
4.100 0.0000
4.110 0.0000
4.120 0.0000
4.130 0.0000
4.140 0.0000
4.150 0.0000
4.160 0.0000
4.170 0.0000
4.180 0.0000
4.190 0.0000
4.200 0.0000
4.210 0.0000
4.220 0.0000
4.230 0.0000
4.240 0.0000
4.250 0.0000
4.260 0.0000
4.270 0.0000
4.280 0.0000
4.290 0.0000
4.300 0.0000
4.310 0.0000
4.320 0.0000
4.330 0.0000
4.340 0.0000
4.350 0.0000
4.360 0.0000
4.370 0.0000
4.380 0.0000
4.390 0.0000
4.400 0.0000
4.410 0.0000
4.420 0.0000
4.430 0.0000
4.440 0.0000
4.450 0.0000
4.460 0.0000
4.470 0.0000
4.480 0.0000
4.490 0.0000
4.500 0.0000
4.510 0.0000
4.520 0.0000
4.530 0.0000
4.540 0.0000
4.550 0.0000
4.560 0.0000
4.570 0.0000
4.580 0.0000
4.590 0.0000
4.600 0.0000
4.610 0.0000
4.620 0.0000
4.630 0.0000
4.640 0.0000
4.650 0.0000
4.660 0.0000
4.670 0.0000
4.680 0.0000
4.690 0.0000
4.700 0.0000
4.710 0.0000
4.720 0.0000
4.730 0.0000
4.740 0.0000
4.750 0.0000
4.760 0.0000
4.770 0.0000
4.780 0.0000
4.790 0.0000
4.800 0.0000
4.810 0.0000
4.820 0.0000
4.830 0.0000
4.840 0.0000
4.850 0.0000
4.860 0.0000
4.870 0.0000
4.880 0.0000
4.890 0.0000
4.900 0.0000
4.910 0.0000
4.920 0.0000
4.930 0.0000
4.940 0.0000
4.950 0.0000
4.960 0.0000
4.970 0.0000
4.980 0.0000
4.990 0.0000
