# SN Ia stretch distribution digitized from Kyle+2010 paper. 
0.60092 0.0592885
0.615637 0.118577
0.634954 0.177866
0.65611 0.256917
0.677267 0.375494
0.696583 0.454545
0.71774 0.632411
0.734297 0.849802
0.760053 1.16601
0.77661 1.44269
0.793167 1.79842
0.806965 2.11462
0.822602 2.45059
0.836399 2.84585
0.856636 3.4585
0.868594 3.87352
0.884231 4.34783
0.900788 4.96047
0.919185 5.61265
0.938502 6.26482
0.957819 6.77866
0.978975 7.19368
0.990013 7.2332
1.00473 7.11462
1.01945 6.6996
1.03049 6.20553
1.0406 5.63241
1.05348 4.8419
1.06452 4.09091
1.07556 3.3004
1.08844 2.49012
1.09947 1.83794
1.11327 1.18577
1.12799 0.671937
1.14547 0.335968
1.16386 0.13834
1.1887 0.0197628
1.21445 0.0197628
