#1 observer-frame phase [day]
#2 SC B mag (AB)
#3 SC V mag (AB)
#4 SC R mag (AB)
#5 SC i mag (AB)
#6 SC z mag (AB)
-200.000 30.0000 30.0000 30.0000 30.0000 30.0000
-21.000 30.0000 30.0000 30.0000 30.0000 30.0000
-19.950 26.1420 26.3390 26.3980 26.6240 26.7710
-18.900 23.6950 23.9050 23.9120 24.1820 24.1930
-17.850 22.5690 22.7790 22.7850 23.0570 23.0660
-16.800 21.8320 22.0420 22.0470 22.3180 22.3280
-15.750 21.2820 21.4920 21.4970 21.7680 21.7780
-14.700 20.8500 21.0360 21.0630 21.3080 21.3370
-13.650 20.4810 20.6710 20.7030 20.9350 20.9780
-12.600 20.1670 20.3590 20.3930 20.6190 20.6660
-11.550 19.8930 20.0840 20.1210 20.3420 20.4070
-10.500 19.6500 19.8380 19.8810 20.0930 20.1970
 -9.450 19.4220 19.6180 19.6700 19.8760 20.0150
 -8.400 19.2120 19.4290 19.4880 19.7000 19.8580
 -7.350 19.0300 19.2730 19.3330 19.5580 19.7210
 -6.300 18.8790 19.1330 19.2000 19.4460 19.6050
 -5.250 18.7620 19.0130 19.0900 19.3650 19.5040
 -4.200 18.6780 18.9230 18.9970 19.3190 19.4350
 -3.150 18.6220 18.8600 18.9210 19.2980 19.3980
 -2.100 18.5840 18.8120 18.8660 19.2900 19.3760
 -1.050 18.5630 18.7770 18.8250 19.2970 19.3600
  0.000 18.5570 18.7540 18.7980 19.3080 19.3640
  1.050 18.5640 18.7430 18.7860 19.3220 19.3860
  2.100 18.5840 18.7420 18.7840 19.3380 19.4240
  3.150 18.6150 18.7490 18.7980 19.3560 19.4780
  4.200 18.6550 18.7660 18.8190 19.3920 19.5250
  5.250 18.7040 18.7900 18.8510 19.4430 19.5630
  6.300 18.7610 18.8220 18.8940 19.5020 19.6100
  7.350 18.8290 18.8610 18.9460 19.5690 19.6620
  8.400 18.9050 18.9050 19.0050 19.6360 19.7120
  9.450 18.9900 18.9520 19.0710 19.6950 19.7630
 10.500 19.0850 19.0060 19.1340 19.7700 19.7980
 11.550 19.1900 19.0670 19.1950 19.8600 19.8180
 12.600 19.2970 19.1310 19.2580 19.9280 19.8390
 13.650 19.4060 19.1910 19.3220 19.9740 19.8580
 14.700 19.5180 19.2530 19.3810 20.0050 19.8670
 15.750 19.6310 19.3160 19.4310 20.0270 19.8470
 16.800 19.7500 19.3770 19.4700 20.0370 19.8130
 17.850 19.8690 19.4390 19.4980 20.0310 19.7820
 18.900 19.9880 19.5030 19.5190 20.0150 19.7580
 19.950 20.1090 19.5660 19.5330 19.9940 19.7320
 21.000 20.2290 19.6270 19.5460 19.9660 19.7170
 22.050 20.3500 19.6860 19.5600 19.9320 19.7200
 23.100 20.4660 19.7450 19.5760 19.9050 19.7240
 24.150 20.5800 19.8010 19.5970 19.8880 19.7270
 25.200 20.6830 19.8550 19.6220 19.8750 19.7240
 26.250 20.7800 19.9090 19.6530 19.8690 19.7290
 27.300 20.8690 19.9640 19.6900 19.8660 19.7410
 28.350 20.9500 20.0220 19.7330 19.8710 19.7640
 29.400 21.0220 20.0850 19.7800 19.8870 19.8000
 30.450 21.0880 20.1490 19.8350 19.9110 19.8460
 31.500 21.1470 20.2130 19.8950 19.9440 19.9020
 32.550 21.2020 20.2770 19.9610 19.9870 19.9660
 33.600 21.2560 20.3410 20.0300 20.0480 20.0190
 34.650 21.3090 20.4030 20.1030 20.1170 20.0800
 35.700 21.3620 20.4630 20.1780 20.1930 20.1500
 36.750 21.4150 20.5210 20.2540 20.2740 20.2290
 37.800 21.4600 20.5810 20.3220 20.3600 20.3060
 38.850 21.5030 20.6410 20.3840 20.4460 20.3870
 39.900 21.5440 20.6980 20.4390 20.5270 20.4730
 40.950 21.5820 20.7530 20.4870 20.6020 20.5600
 42.000 21.6210 20.8000 20.5320 20.6700 20.6430
 43.050 21.6580 20.8410 20.5720 20.7290 20.7200
 44.100 21.6890 20.8800 20.6090 20.7820 20.7900
 45.150 21.7160 20.9150 20.6430 20.8300 20.8550
 46.200 21.7370 20.9470 20.6760 20.8740 20.9120
 47.250 21.7550 20.9770 20.7120 20.9160 20.9650
 48.300 21.7680 21.0030 20.7490 20.9540 21.0150
 49.350 21.7810 21.0270 20.7890 20.9910 21.0620
 50.400 21.7920 21.0490 20.8300 21.0280 21.1110
 51.450 21.8040 21.0720 20.8680 21.0640 21.1650
 52.500 21.8180 21.0950 20.9030 21.1000 21.2280
 53.550 21.8330 21.1180 20.9360 21.1360 21.2970
 54.600 21.8490 21.1420 20.9670 21.1710 21.3690
 55.650 21.8640 21.1660 20.9990 21.2060 21.4400
 56.700 21.8800 21.1920 21.0300 21.2510 21.4780
 57.750 21.8950 21.2180 21.0590 21.2960 21.5170
 58.800 21.9100 21.2440 21.0890 21.3400 21.5550
 59.850 21.9250 21.2710 21.1190 21.3860 21.5930
 60.900 21.9400 21.2960 21.1490 21.4300 21.6300
 61.950 21.9550 21.3230 21.1790 21.4760 21.6670
 63.000 21.9710 21.3490 21.2090 21.5210 21.7050
 64.050 21.9860 21.3760 21.2390 21.5660 21.7410
 65.100 22.0010 21.3980 21.2710 21.6060 21.7910
 66.150 22.0160 21.4220 21.3020 21.6430 21.8430
 67.200 22.0320 21.4450 21.3330 21.6800 21.8950
 68.250 22.0460 21.4690 21.3660 21.7180 21.9480
 69.300 22.0620 21.4920 21.3980 21.7550 21.9990
 70.350 22.0780 21.5150 21.4300 21.7910 22.0520
 71.400 22.0930 21.5380 21.4630 21.8280 22.1030
 72.450 22.1090 21.5610 21.4950 21.8640 22.1550
 73.500 22.1240 21.5840 21.5280 21.9000 22.2070
 74.550 22.1400 21.6070 21.5620 21.9350 22.2570
 75.600 22.1560 21.6300 21.5950 21.9690 22.3070
 76.650 22.1710 21.6520 21.6290 22.0030 22.3550
 77.700 22.1880 21.6750 21.6630 22.0360 22.4050
 78.750 22.2020 21.6980 21.6940 22.0750 22.4560
 79.800 22.2170 21.7230 21.7250 22.1160 22.5080
 80.850 22.2310 21.7460 21.7560 22.1560 22.5600
 81.900 22.2460 21.7700 21.7870 22.1950 22.6100
 82.950 22.2610 21.7930 21.8180 22.2350 22.6610
 84.000 22.2750 21.8170 21.8490 22.2740 22.7110
 85.050 22.2900 21.8410 21.8800 22.3140 22.7610
 86.100 22.3040 21.8640 21.9120 22.3540 22.8100
 87.150 22.3190 21.8880 21.9430 22.3930 22.8580
 88.200 22.3340 21.9120 21.9740 22.4330 22.9060
 89.250 22.3480 21.9340 22.0060 22.4720 22.9510
243.447 24.4921 25.3704 26.6172 28.2874 30.0000
288.856 25.1235 26.3824 27.9752 30.0000 30.0000
356.565 26.0650 27.8913 30.0000 30.0000 30.0000
451.186 27.3806 30.0000 30.0000 30.0000 30.0000
639.565 30.0000 30.0000 30.0000 30.0000 30.0000
