#1 observer-frame phase [day]
#2 SC B mag (AB)
#3 SC V mag (AB)
#4 SC R mag (AB)
#5 SC i mag (AB)
#6 SC z mag (AB)
-200.000 30.0000 30.0000 30.0000 30.0000 30.0000
-25.000 30.0000 30.0000 30.0000 30.0000 30.0000
-23.750 30.0040 29.7620 29.9180 29.9640 30.1950
-22.500 27.4880 27.3250 27.4810 27.4710 27.7440
-21.250 26.3600 26.1990 26.3550 26.3440 26.6190
-20.000 25.6220 25.4620 25.6180 25.6060 25.8800
-18.750 25.0730 24.9120 25.0680 25.0560 25.3300
-17.500 24.6310 24.4690 24.6110 24.6240 24.8620
-16.250 24.2680 24.0880 24.2460 24.2650 24.4830
-15.000 23.9570 23.7700 23.9350 23.9560 24.1660
-13.750 23.6860 23.4920 23.6610 23.6840 23.8910
-12.500 23.4490 23.2450 23.4160 23.4440 23.6490
-11.250 23.2330 23.0130 23.1960 23.2330 23.4380
-10.000 23.0440 22.8000 23.0080 23.0490 23.2620
 -8.750 22.8870 22.6150 22.8520 22.8900 23.1180
 -7.500 22.7620 22.4550 22.7120 22.7560 23.0060
 -6.250 22.6740 22.3210 22.5930 22.6450 22.9250
 -5.000 22.6210 22.2300 22.5030 22.5500 22.8860
 -3.750 22.5950 22.1760 22.4390 22.4710 22.8750
 -2.500 22.5930 22.1390 22.3910 22.4130 22.8730
 -1.250 22.6100 22.1160 22.3560 22.3710 22.8830
  0.000 22.6410 22.1050 22.3330 22.3440 22.8950
  1.250 22.6830 22.1070 22.3210 22.3310 22.9080
  2.500 22.7390 22.1230 22.3200 22.3290 22.9230
  3.750 22.8060 22.1530 22.3270 22.3400 22.9400
  5.000 22.8780 22.1920 22.3440 22.3620 22.9740
  6.250 22.9550 22.2400 22.3680 22.3930 23.0230
  7.500 23.0380 22.2980 22.4000 22.4380 23.0830
  8.750 23.1280 22.3680 22.4390 22.4900 23.1510
 10.000 23.2240 22.4450 22.4830 22.5500 23.2200
 11.250 23.3290 22.5250 22.5310 22.6170 23.2820
 12.500 23.4440 22.6190 22.5860 22.6840 23.3650
 13.750 23.5680 22.7280 22.6480 22.7480 23.4670
 15.000 23.7010 22.8330 22.7120 22.8140 23.5390
 16.250 23.8420 22.9350 22.7730 22.8810 23.5850
 17.500 23.9890 23.0360 22.8360 22.9460 23.6140
 18.750 24.1380 23.1420 22.9000 22.9980 23.6330
 20.000 24.2890 23.2540 22.9630 23.0390 23.6400
 21.250 24.4420 23.3670 23.0260 23.0700 23.6350
 22.500 24.5930 23.4820 23.0910 23.0940 23.6250
 23.750 24.7450 23.5980 23.1540 23.1120 23.6090
 25.000 24.8930 23.7140 23.2160 23.1260 23.5850
 26.250 25.0400 23.8310 23.2760 23.1370 23.5550
 27.500 25.1800 23.9450 23.3360 23.1490 23.5310
 28.750 25.3130 24.0560 23.3930 23.1660 23.5180
 30.000 25.4340 24.1530 23.4470 23.1910 23.5100
 31.250 25.5440 24.2440 23.5020 23.2210 23.5090
 32.500 25.6430 24.3260 23.5570 23.2560 23.5130
 33.750 25.7290 24.4020 23.6150 23.2970 23.5230
 35.000 25.8030 24.4740 23.6790 23.3450 23.5400
 36.250 25.8710 24.5390 23.7430 23.3990 23.5650
 37.500 25.9330 24.5980 23.8080 23.4580 23.5980
 38.750 25.9900 24.6520 23.8720 23.5220 23.6430
 40.000 26.0430 24.7050 23.9360 23.5910 23.7020
 41.250 26.0920 24.7580 23.9980 23.6630 23.7710
 42.500 26.1330 24.8120 24.0570 23.7370 23.8460
 43.750 26.1690 24.8650 24.1150 23.8100 23.9250
 45.000 26.1980 24.9160 24.1750 23.8750 24.0140
 46.250 26.2240 24.9660 24.2360 23.9320 24.1040
 47.500 26.2450 25.0150 24.2940 23.9840 24.1890
 48.750 26.2640 25.0620 24.3500 24.0300 24.2660
 50.000 26.2830 25.1040 24.3970 24.0740 24.3340
 51.250 26.3040 25.1410 24.4380 24.1150 24.3910
 52.500 26.3240 25.1720 24.4770 24.1530 24.4430
 53.750 26.3450 25.1980 24.5120 24.1880 24.4890
 55.000 26.3660 25.2170 24.5440 24.2240 24.5320
 56.250 26.3870 25.2320 24.5730 24.2600 24.5730
 57.500 26.4050 25.2440 24.5990 24.2980 24.6080
 58.750 26.4250 25.2550 24.6230 24.3380 24.6440
 60.000 26.4440 25.2640 24.6460 24.3780 24.6790
 61.250 26.4630 25.2740 24.6680 24.4160 24.7130
 62.500 26.4820 25.2870 24.6920 24.4510 24.7460
 63.750 26.5000 25.3000 24.7150 24.4840 24.7790
 65.000 26.5200 25.3150 24.7380 24.5170 24.8110
 66.250 26.5380 25.3280 24.7630 24.5500 24.8430
 67.500 26.5570 25.3440 24.7880 24.5810 24.8850
 68.750 26.5760 25.3600 24.8150 24.6110 24.9270
 70.000 26.5950 25.3750 24.8410 24.6420 24.9680
 71.250 26.6130 25.3910 24.8680 24.6730 25.0110
 72.500 26.6330 25.4060 24.8930 24.7030 25.0530
 73.750 26.6510 25.4220 24.9200 24.7350 25.0950
 75.000 26.6710 25.4390 24.9460 24.7650 25.1370
 76.250 26.6890 25.4540 24.9730 24.7960 25.1780
 77.500 26.7080 25.4680 24.9950 24.8280 25.2150
 78.750 26.7260 25.4800 25.0190 24.8600 25.2500
 80.000 26.7450 25.4940 25.0420 24.8920 25.2840
 81.250 26.7640 25.5060 25.0660 24.9250 25.3190
 82.500 26.7830 25.5190 25.0880 24.9580 25.3520
 83.750 26.8010 25.5330 25.1120 24.9910 25.3850
 85.000 26.8200 25.5450 25.1340 25.0240 25.4180
 86.250 26.8380 25.5580 25.1580 25.0580 25.4490
 87.500 26.8570 25.5700 25.1800 25.0910 25.4800
 88.750 26.8750 25.5840 25.2040 25.1260 25.5100
 90.000 26.8940 25.5970 25.2260 25.1610 25.5380
 91.250 26.9120 25.6090 25.2480 25.1970 25.5660
 92.500 26.9310 25.6220 25.2710 25.2330 25.5920
 93.750 26.9490 25.6340 25.2940 25.2640 25.6280
 95.000 26.9670 25.6480 25.3190 25.2970 25.6660
 96.250 26.9840 25.6610 25.3420 25.3280 25.7030
 97.500 27.0030 25.6750 25.3670 25.3600 25.7380
 98.750 27.0200 25.6890 25.3900 25.3920 25.7760
100.000 27.0380 25.7010 25.4140 25.4240 25.8110
101.250 27.0550 25.7150 25.4380 25.4560 25.8470
102.500 27.0740 25.7270 25.4620 25.4900 25.8830
103.750 27.0910 25.7410 25.4850 25.5220 25.9180
105.000 27.1090 25.7550 25.5100 25.5540 25.9520
106.250 27.1260 25.7670 25.5330 25.5880 25.9860
249.607 29.1445 27.2809 28.2625 29.3497 30.0000
274.390 29.4934 27.5426 28.7344 30.0000 30.0000
310.369 30.0000 27.9225 29.4194 30.0000 30.0000
340.861 30.0000 28.2445 30.0000 30.0000 30.0000
507.102 30.0000 30.0000 30.0000 30.0000 30.0000
