#1 observer-frame phase [day]
#2 SC B mag (AB)
#3 SC V mag (AB)
#4 SC R mag (AB)
#5 SC i mag (AB)
#6 SC z mag (AB)
-200.000 30.0000 30.0000 30.0000 30.0000 30.0000
-28.000 30.0000 30.0000 30.0000 30.0000 30.0000
-26.600 32.1640 30.7060 30.9170 30.9760 31.0870
-25.200 28.9280 28.2350 28.5800 28.5020 28.5880
-23.800 27.7890 27.1080 27.4560 27.3750 27.4610
-22.400 27.0470 26.3710 26.7210 26.6380 26.7230
-21.000 26.4960 25.8210 26.1710 26.0880 26.1730
-19.600 26.0100 25.4150 25.7050 25.6550 25.7100
-18.200 25.6290 25.0740 25.3150 25.2900 25.3540
-16.800 25.3100 24.7710 24.9940 24.9780 25.0460
-15.400 25.0520 24.5010 24.7100 24.7040 24.7790
-14.000 24.8530 24.2560 24.4500 24.4590 24.5470
-12.600 24.6620 24.0300 24.2110 24.2430 24.3410
-11.200 24.4920 23.8280 24.0040 24.0540 24.1660
 -9.800 24.3480 23.6570 23.8340 23.8910 24.0180
 -8.400 24.2050 23.5280 23.6720 23.7530 23.8910
 -7.000 24.0710 23.4460 23.5260 23.6380 23.7860
 -5.600 24.0170 23.3740 23.4360 23.5430 23.7040
 -4.200 24.0440 23.3020 23.3980 23.4670 23.6420
 -2.800 24.1070 23.2600 23.3640 23.4100 23.5990
 -1.400 24.2060 23.2440 23.3360 23.3680 23.5700
  0.000 24.2830 23.2490 23.3180 23.3420 23.5500
  1.400 24.3350 23.2710 23.3120 23.3280 23.5410
  2.800 24.4270 23.3020 23.3200 23.3250 23.5440
  4.200 24.5720 23.3370 23.3440 23.3320 23.5600
  5.600 24.7070 23.3880 23.3760 23.3490 23.5840
  7.000 24.8390 23.4490 23.4150 23.3730 23.6170
  8.400 24.9750 23.5140 23.4650 23.4050 23.6660
  9.800 25.1160 23.5860 23.5270 23.4450 23.7260
 11.200 25.2450 23.6710 23.5930 23.4900 23.7900
 12.600 25.3360 23.7780 23.6600 23.5430 23.8520
 14.000 25.4670 23.8820 23.7430 23.6000 23.9130
 15.400 25.6500 23.9810 23.8430 23.6610 23.9750
 16.800 25.8280 24.0990 23.9320 23.7250 24.0380
 18.200 25.9940 24.2370 24.0050 23.7890 24.0990
 19.600 26.1740 24.3850 24.0730 23.8570 24.1510
 21.000 26.3390 24.5270 24.1550 23.9230 24.1900
 22.400 26.4990 24.6700 24.2440 23.9850 24.2150
 23.800 26.6680 24.8130 24.3350 24.0440 24.2310
 25.200 26.8460 24.9520 24.4300 24.0970 24.2460
 26.600 27.0310 25.0910 24.5260 24.1480 24.2530
 28.000 27.1990 25.2240 24.6260 24.1960 24.2600
 29.400 27.3350 25.3500 24.7320 24.2400 24.2680
 30.800 27.4580 25.4660 24.8370 24.2850 24.2790
 32.200 27.5690 25.5760 24.9410 24.3280 24.2970
 33.600 27.6760 25.7010 25.0190 24.3740 24.3160
 35.000 27.7670 25.8190 25.0930 24.4220 24.3420
 36.400 27.8440 25.9310 25.1590 24.4720 24.3740
 37.800 27.8940 26.0300 25.2230 24.5270 24.4120
 39.200 27.9130 26.1040 25.2950 24.5860 24.4540
 40.600 27.9250 26.1710 25.3610 24.6490 24.5030
 42.000 27.9290 26.2330 25.4230 24.7130 24.5590
 43.400 27.9360 26.2890 25.4800 24.7790 24.6230
 44.800 27.9840 26.3430 25.5330 24.8450 24.6920
 46.200 28.0250 26.3950 25.5870 24.9100 24.7680
 47.600 28.0570 26.4430 25.6410 24.9720 24.8480
 49.000 28.0830 26.4880 25.6950 25.0310 24.9300
 50.400 28.1290 26.5120 25.7610 25.0850 25.0120
 51.800 28.1830 26.5290 25.8310 25.1340 25.0880
 53.200 28.2340 26.5430 25.8990 25.1810 25.1560
 54.600 28.2850 26.5540 25.9660 25.2260 25.2160
 56.000 28.3160 26.5800 26.0140 25.2690 25.2670
 57.400 28.3430 26.6120 26.0510 25.3100 25.3090
 58.800 28.3700 26.6420 26.0810 25.3490 25.3480
 60.200 28.4000 26.6700 26.1030 25.3850 25.3830
 61.600 28.4310 26.6960 26.1200 25.4190 25.4170
 63.000 28.4590 26.7200 26.1320 25.4520 25.4540
 64.400 28.4630 26.7370 26.1450 25.4830 25.4930
 65.800 28.4680 26.7540 26.1560 25.5120 25.5350
 67.200 28.4720 26.7700 26.1640 25.5410 25.5780
 68.600 28.4750 26.7860 26.1740 25.5690 25.6180
 70.000 28.4780 26.8050 26.1870 25.5960 25.6540
 71.400 28.4790 26.8220 26.2010 25.6230 25.6880
 72.800 28.4810 26.8410 26.2150 25.6490 25.7210
 74.200 28.4850 26.8580 26.2290 25.6770 25.7530
 75.600 28.5160 26.8710 26.2480 25.7030 25.7870
 77.000 28.5460 26.8840 26.2680 25.7300 25.8190
 78.400 28.5790 26.8960 26.2860 25.7560 25.8510
 79.800 28.6100 26.9080 26.3060 25.7820 25.8840
 81.200 28.6440 26.9210 26.3240 25.8080 25.9160
 82.600 28.6770 26.9330 26.3440 25.8350 25.9500
 84.000 28.7120 26.9450 26.3640 25.8610 25.9820
 85.400 28.7460 26.9560 26.3830 25.8880 26.0140
 86.800 28.7560 26.9770 26.3960 25.9150 26.0470
 88.200 28.7640 26.9980 26.4080 25.9420 26.0780
 89.600 28.7720 27.0200 26.4200 25.9680 26.1100
 91.000 28.7790 27.0410 26.4320 25.9960 26.1430
 92.400 28.7860 27.0640 26.4440 26.0220 26.1750
 93.800 28.7920 27.0860 26.4560 26.0500 26.2070
 95.200 28.7990 27.1090 26.4670 26.0760 26.2410
 96.600 28.8040 27.1310 26.4790 26.1040 26.2730
 98.000 28.8100 27.1550 26.4890 26.1300 26.3060
 99.400 28.8150 27.1780 26.5010 26.1580 26.3400
100.800 28.8200 27.2030 26.5120 26.1840 26.3730
102.200 28.8230 27.2270 26.5210 26.2110 26.4080
103.600 28.8280 27.2520 26.5320 26.2390 26.4420
105.000 28.8340 27.2700 26.5460 26.2650 26.4730
106.400 28.8420 27.2890 26.5610 26.2930 26.5050
107.800 28.8490 27.3070 26.5740 26.3190 26.5360
109.200 28.8560 27.3260 26.5890 26.3470 26.5670
110.600 28.8610 27.3450 26.6040 26.3730 26.6000
112.000 28.8680 27.3640 26.6170 26.4010 26.6300
113.400 28.8730 27.3820 26.6320 26.4270 26.6620
114.800 28.8800 27.4010 26.6450 26.4550 26.6940
116.200 28.8840 27.4200 26.6590 26.4810 26.7260
117.600 28.8900 27.4400 26.6740 26.5090 26.7570
119.000 28.8940 27.4590 26.6870 26.5360 26.7900
259.438 29.4156 29.3649 28.0914 29.2444 30.0000
298.615 29.5611 29.8966 28.4831 30.0000 30.0000
306.232 29.5894 30.0000 28.5593 30.0000 30.0000
416.769 30.0000 30.0000 29.6647 30.0000 30.0000
450.300 30.0000 30.0000 30.0000 30.0000 30.0000
