#1 observer-frame phase [day]
#2 SC B mag (AB)
#3 SC V mag (AB)
#4 SC R mag (AB)
#5 SC i mag (AB)
#6 SC z mag (AB)
-200.000 30.0000 30.0000 30.0000 30.0000 30.0000
-32.000 30.0000 30.0000 30.0000 30.0000 30.0000
-30.400 35.4410 32.2630 31.6180 31.8500 31.8850
-28.800 30.5980 29.6800 29.1230 29.4740 29.4290
-27.200 29.4500 28.5510 27.9960 28.3490 28.3020
-25.600 28.7050 27.8120 27.2590 27.6130 27.5650
-24.000 28.1520 27.2620 26.7090 27.0630 27.0160
-22.400 27.7060 26.7840 26.2950 26.5950 26.5970
-20.800 27.3460 26.4010 25.9470 26.2050 26.2330
-19.200 27.0370 26.0810 25.6410 25.8840 25.9220
-17.600 26.7710 25.8070 25.3750 25.6020 25.6490
-16.000 26.5410 25.5700 25.1430 25.3450 25.4070
-14.400 26.3300 25.3550 24.9240 25.1100 25.1940
-12.800 26.1890 25.1680 24.7190 24.9070 25.0070
-11.200 26.1180 25.0120 24.5380 24.7400 24.8440
 -9.600 25.9910 24.8700 24.4040 24.5820 24.7090
 -8.000 25.8330 24.7480 24.3160 24.4390 24.6000
 -6.400 25.7740 24.6830 24.2450 24.3470 24.5040
 -4.800 25.8150 24.6730 24.1820 24.3040 24.4230
 -3.200 25.9030 24.6890 24.1440 24.2680 24.3630
 -1.600 26.0450 24.7260 24.1290 24.2370 24.3200
  0.000 26.1270 24.7690 24.1310 24.2180 24.2930
  1.600 26.1320 24.8150 24.1480 24.2110 24.2800
  3.200 26.2080 24.8820 24.1770 24.2170 24.2770
  4.800 26.3930 24.9690 24.2140 24.2350 24.2830
  6.400 26.5650 25.0620 24.2620 24.2630 24.2980
  8.000 26.7320 25.1610 24.3160 24.2980 24.3190
  9.600 26.8680 25.2730 24.3780 24.3440 24.3480
 11.200 26.9810 25.3980 24.4480 24.4020 24.3830
 12.800 27.0860 25.5210 24.5310 24.4630 24.4230
 14.400 27.1650 25.6290 24.6300 24.5260 24.4730
 16.000 27.2850 25.7630 24.7310 24.6030 24.5250
 17.600 27.4600 25.9270 24.8290 24.6960 24.5780
 19.200 27.6420 26.0850 24.9410 24.7800 24.6370
 20.800 27.8320 26.2310 25.0720 24.8500 24.6990
 22.400 28.0490 26.3840 25.2090 24.9180 24.7630
 24.000 28.2520 26.5370 25.3440 25.0000 24.8150
 25.600 28.4590 26.6890 25.4800 25.0910 24.8570
 27.200 28.6630 26.8480 25.6160 25.1820 24.8990
 28.800 28.8310 27.0180 25.7470 25.2720 24.9420
 30.400 29.0030 27.1910 25.8780 25.3630 24.9800
 32.000 29.1550 27.3550 26.0040 25.4590 25.0140
 33.600 29.2690 27.5020 26.1240 25.5630 25.0390
 35.200 29.3670 27.6390 26.2360 25.6670 25.0630
 36.800 29.4530 27.7660 26.3430 25.7700 25.0890
 38.400 29.5750 27.8710 26.4610 25.8460 25.1290
 40.000 29.6850 27.9590 26.5740 25.9190 25.1710
 41.600 29.7850 28.0310 26.6790 25.9870 25.2150
 43.200 29.8350 28.0950 26.7710 26.0550 25.2650
 44.800 29.8030 28.1650 26.8450 26.1280 25.3200
 46.400 29.7650 28.2290 26.9110 26.1970 25.3780
 48.000 29.7230 28.2870 26.9720 26.2630 25.4390
 49.600 29.6870 28.3400 27.0270 26.3240 25.5030
 51.200 29.7070 28.3910 27.0780 26.3790 25.5710
 52.800 29.7200 28.4360 27.1270 26.4330 25.6390
 54.400 29.7230 28.4730 27.1740 26.4870 25.7040
 56.000 29.7190 28.5030 27.2190 26.5400 25.7660
 57.600 29.7520 28.5450 27.2520 26.6070 25.8170
 59.200 29.7990 28.5900 27.2800 26.6790 25.8620
 60.800 29.8430 28.6310 27.3040 26.7480 25.9050
 62.400 29.8850 28.6710 27.3260 26.8170 25.9440
 64.000 29.9220 28.6890 27.3570 26.8660 25.9860
 65.600 29.9600 28.7020 27.3910 26.9020 26.0290
 67.200 29.9980 28.7140 27.4220 26.9330 26.0700
 68.800 30.0400 28.7290 27.4500 26.9570 26.1090
 70.400 30.0820 28.7430 27.4750 26.9740 26.1470
 72.000 30.1170 28.7600 27.4960 26.9880 26.1840
 73.600 30.1040 28.7770 27.5110 27.0020 26.2180
 75.200 30.0920 28.7960 27.5260 27.0140 26.2510
 76.800 30.0800 28.8150 27.5390 27.0230 26.2840
 78.400 30.0660 28.8320 27.5530 27.0330 26.3160
 80.000 30.0530 28.8500 27.5690 27.0470 26.3470
 81.600 30.0390 28.8670 27.5850 27.0600 26.3770
 83.200 30.0250 28.8840 27.6020 27.0740 26.4060
 84.800 30.0160 28.9020 27.6180 27.0890 26.4380
 86.400 30.0470 28.9280 27.6320 27.1080 26.4660
 88.000 30.0790 28.9540 27.6450 27.1280 26.4950
 89.600 30.1110 28.9810 27.6570 27.1460 26.5240
 91.200 30.1440 29.0070 27.6700 27.1660 26.5530
 92.800 30.1780 29.0350 27.6830 27.1840 26.5820
 94.400 30.2110 29.0620 27.6960 27.2050 26.6110
 96.000 30.2460 29.0910 27.7090 27.2240 26.6390
 97.600 30.2810 29.1190 27.7200 27.2440 26.6690
 99.200 30.2980 29.1320 27.7400 27.2570 26.6980
100.800 30.3120 29.1430 27.7590 27.2700 26.7290
102.400 30.3270 29.1540 27.7790 27.2830 26.7590
104.000 30.3410 29.1650 27.7980 27.2960 26.7900
105.600 30.3560 29.1760 27.8180 27.3080 26.8200
107.200 30.3700 29.1860 27.8390 27.3210 26.8510
108.800 30.3840 29.1960 27.8590 27.3320 26.8820
110.400 30.3970 29.2050 27.8800 27.3450 26.9140
112.000 30.4120 29.2150 27.9010 27.3550 26.9450
113.600 30.4250 29.2240 27.9220 27.3670 26.9780
115.200 30.4380 29.2330 27.9440 27.3780 27.0100
116.800 30.4510 29.2400 27.9660 27.3880 27.0430
118.400 30.4640 29.2490 27.9890 27.3980 27.0770
120.000 30.4700 29.2650 28.0060 27.4130 27.1060
121.600 30.4780 29.2820 28.0240 27.4280 27.1370
123.200 30.4840 29.2980 28.0410 27.4430 27.1660
124.800 30.4910 29.3160 28.0590 27.4580 27.1970
126.400 30.4960 29.3310 28.0770 27.4730 27.2270
128.000 30.5030 29.3480 28.0950 27.4880 27.2580
129.600 30.5080 29.3640 28.1130 27.5030 27.2880
131.200 30.5140 29.3810 28.1310 27.5170 27.3200
132.800 30.5190 29.3960 28.1490 27.5310 27.3500
134.400 30.5240 29.4120 28.1680 27.5460 27.3810
136.000 30.5280 29.4280 28.1860 27.5600 27.4120
136.000 30.5280 29.4280 28.1860 27.5600 27.4120
193.200 30.0000 30.0000 28.8367 28.0748 28.5131
270.442 30.0000 30.0000 29.7153 28.7700 30.0000
295.473 30.0000 30.0000 30.0000 28.9953 30.0000
407.111 30.0000 30.0000 30.0000 30.0000 30.0000
