#1 observer-frame phase [day]
#2 SC B mag (AB)
#3 SC V mag (AB)
#4 SC R mag (AB)
#5 SC i mag (AB)
#6 SC z mag (AB)
-200.000 30.0000 30.0000 30.0000 30.0000 30.0000
-33.000 30.0000 30.0000 30.0000 30.0000 30.0000
-31.350 36.2740 32.7710 31.7840 31.9970 32.0650
-29.700 31.3020 29.8470 29.3250 29.6510 29.5850
-28.050 30.1530 28.7110 28.1990 28.5270 28.4580
-26.400 29.4080 27.9700 27.4610 27.7920 27.7210
-24.750 28.8560 27.4200 26.9120 27.2420 27.1710
-23.100 28.3400 26.9340 26.5090 26.7780 26.7380
-21.450 27.9530 26.5520 26.1690 26.3910 26.3690
-19.800 27.6300 26.2330 25.8670 26.0720 26.0550
-18.150 27.3580 25.9670 25.5990 25.7890 25.7820
-16.500 27.1290 25.7500 25.3590 25.5310 25.5400
-14.850 26.9180 25.5480 25.1360 25.2930 25.3270
-13.200 26.7870 25.3670 24.9340 25.0850 25.1400
-11.550 26.7410 25.2130 24.7610 24.9150 24.9790
 -9.900 26.6100 25.0710 24.6310 24.7540 24.8430
 -8.250 26.4260 24.9490 24.5480 24.6100 24.7310
 -6.600 26.3460 24.8950 24.4760 24.5200 24.6350
 -4.950 26.3700 24.9080 24.4040 24.4790 24.5570
 -3.300 26.4450 24.9530 24.3620 24.4440 24.5000
 -1.650 26.5810 25.0240 24.3450 24.4160 24.4600
  0.000 26.6490 25.0900 24.3470 24.3980 24.4350
  1.650 26.6300 25.1490 24.3650 24.3910 24.4220
  3.300 26.6880 25.2340 24.3930 24.3990 24.4170
  4.950 26.8680 25.3490 24.4280 24.4240 24.4200
  6.600 27.0380 25.4640 24.4760 24.4560 24.4300
  8.250 27.2050 25.5830 24.5330 24.4950 24.4450
  9.900 27.3460 25.7120 24.5940 24.5470 24.4680
 11.550 27.4650 25.8530 24.6620 24.6100 24.4970
 13.200 27.5740 25.9850 24.7430 24.6780 24.5310
 14.850 27.6490 26.0850 24.8460 24.7480 24.5710
 16.500 27.7600 26.2190 24.9490 24.8330 24.6160
 18.150 27.9180 26.3960 25.0460 24.9350 24.6690
 19.800 28.0910 26.5670 25.1610 25.0270 24.7270
 21.450 28.2830 26.7260 25.2960 25.1030 24.7880
 23.100 28.5030 26.8970 25.4390 25.1770 24.8510
 24.750 28.7040 27.0530 25.5790 25.2630 24.9120
 26.400 28.9060 27.2020 25.7210 25.3560 24.9680
 28.050 29.1040 27.3620 25.8630 25.4510 25.0240
 29.700 29.2670 27.5410 25.9990 25.5480 25.0770
 31.350 29.4330 27.7250 26.1350 25.6460 25.1280
 33.000 29.5810 27.8950 26.2660 25.7470 25.1780
 34.650 29.7000 28.0350 26.3910 25.8530 25.2260
 36.300 29.8040 28.1630 26.5070 25.9580 25.2740
 37.950 29.8960 28.2790 26.6180 26.0620 25.3200
 39.600 30.0090 28.3870 26.7420 26.1410 25.3690
 41.250 30.1080 28.4790 26.8580 26.2160 25.4200
 42.900 30.1950 28.5550 26.9690 26.2830 25.4750
 44.550 30.2350 28.6150 27.0650 26.3480 25.5340
 46.200 30.2060 28.6620 27.1390 26.4190 25.5950
 47.850 30.1720 28.7020 27.2060 26.4850 25.6600
 49.500 30.1320 28.7350 27.2670 26.5470 25.7260
 51.150 30.0990 28.7660 27.3230 26.6040 25.7930
 52.800 30.1200 28.8180 27.3760 26.6580 25.8600
 54.450 30.1340 28.8640 27.4270 26.7110 25.9260
 56.100 30.1390 28.9020 27.4760 26.7650 25.9880
 57.750 30.1360 28.9330 27.5210 26.8190 26.0480
 59.400 30.1670 28.9780 27.5470 26.8840 26.1010
 61.050 30.2110 29.0260 27.5670 26.9540 26.1500
 62.700 30.2500 29.0720 27.5830 27.0220 26.1970
 64.350 30.2890 29.1160 27.5970 27.0880 26.2410
 66.000 30.3210 29.1400 27.6250 27.1360 26.2840
 67.650 30.3540 29.1590 27.6570 27.1730 26.3260
 69.300 30.3860 29.1780 27.6870 27.2030 26.3660
 70.950 30.4210 29.2000 27.7150 27.2260 26.4030
 72.600 30.4570 29.2220 27.7410 27.2430 26.4390
 74.250 30.4850 29.2450 27.7640 27.2550 26.4730
 75.900 30.4750 29.2590 27.7800 27.2680 26.5040
 77.550 30.4650 29.2750 27.7960 27.2790 26.5330
 79.200 30.4560 29.2910 27.8120 27.2880 26.5610
 80.850 30.4440 29.3050 27.8270 27.2980 26.5890
 82.500 30.4340 29.3190 27.8440 27.3110 26.6170
 84.150 30.4220 29.3320 27.8620 27.3250 26.6430
 85.800 30.4100 29.3460 27.8800 27.3390 26.6700
 87.450 30.4020 29.3600 27.8960 27.3530 26.6980
 89.100 30.4340 29.3880 27.9100 27.3720 26.7240
 90.750 30.4660 29.4160 27.9220 27.3920 26.7510
 92.400 30.4990 29.4460 27.9350 27.4100 26.7770
 94.050 30.5310 29.4750 27.9480 27.4300 26.8040
 95.700 30.5650 29.5050 27.9600 27.4480 26.8300
 97.350 30.5990 29.5350 27.9730 27.4680 26.8580
 99.000 30.6340 29.5660 27.9850 27.4870 26.8840
100.650 30.6690 29.5970 27.9970 27.5060 26.9110
102.300 30.6880 29.6080 28.0180 27.5190 26.9370
103.950 30.7050 29.6170 28.0380 27.5310 26.9650
105.600 30.7230 29.6260 28.0590 27.5440 26.9920
107.250 30.7390 29.6340 28.0800 27.5550 27.0190
108.900 30.7570 29.6420 28.1020 27.5680 27.0460
110.550 30.7740 29.6490 28.1230 27.5800 27.0740
112.200 30.7910 29.6570 28.1460 27.5910 27.1000
113.850 30.8080 29.6630 28.1680 27.6030 27.1280
115.500 30.8260 29.6700 28.1900 27.6130 27.1550
117.150 30.8420 29.6750 28.2130 27.6250 27.1820
118.800 30.8590 29.6810 28.2370 27.6360 27.2090
120.450 30.8750 29.6860 28.2610 27.6460 27.2360
122.100 30.8920 29.6910 28.2850 27.6570 27.2630
123.750 30.9020 29.7030 28.3030 27.6710 27.2900
125.400 30.9130 29.7150 28.3210 27.6860 27.3170
127.050 30.9220 29.7260 28.3390 27.7000 27.3430
128.700 30.9330 29.7380 28.3580 27.7150 27.3700
130.350 30.9420 29.7480 28.3760 27.7300 27.3960
132.000 30.9520 29.7600 28.3940 27.7440 27.4230
133.650 30.9600 29.7690 28.4130 27.7590 27.4500
135.300 30.9700 29.7810 28.4310 27.7730 27.4770
136.950 30.9780 29.7900 28.4500 27.7880 27.5030
138.600 30.9860 29.8000 28.4690 27.8030 27.5300
140.250 30.9940 29.8090 28.4870 27.8170 27.5560
140.250 30.9940 29.8090 28.4870 27.8170 27.5560
172.408 30.0000 30.0000 28.8495 28.1016 28.0744
274.468 30.0000 30.0000 30.0000 29.0046 29.7198
291.852 30.0000 30.0000 30.0000 29.1584 30.0000
386.959 30.0000 30.0000 30.0000 30.0000 30.0000
