#1 observer-frame phase [day]
#2 SC B mag (AB)
#3 SC V mag (AB)
#4 SC R mag (AB)
#5 SC i mag (AB)
#6 SC z mag (AB)
-200.000  4.0150  4.0150  4.0150  4.0150  4.0150
-38.700  4.0150  4.0150  4.0150  4.0150  4.0150
-36.550 14.9710 12.9400  9.3280  7.3680  7.0860
-34.400  9.2420  7.8770  5.4290  4.9150  4.5580
-32.250  8.0920  6.7290  4.2850  3.7880  3.4300
-30.100  7.3460  5.9830  3.5410  3.0500  2.6920
-27.950  6.7940  5.4310  2.9890  2.5010  2.1420
-25.800  5.9020  4.7420  2.5460  2.0520  1.7150
-23.650  5.3760  4.2950  2.1830  1.6830  1.3570
-21.500  4.9910  3.9440  1.8740  1.3690  1.0470
-19.350  4.6570  3.6670  1.6130  1.0960  0.7790
-17.200  4.3490  3.4570  1.3990  0.8580  0.5450
-15.050  4.0900  3.2580  1.1980  0.6400  0.3230
-12.900  3.9090  3.1560  1.0440  0.4490  0.1110
-10.750  3.7970  3.1620  0.9420  0.2890 -0.0780
 -8.600  3.6450  3.0050  0.7980  0.1620 -0.2280
 -6.450  3.4740  2.7430  0.6350  0.0730 -0.3390
 -4.300  3.4310  2.6370  0.5650  0.0220 -0.4250
 -2.150  3.5250  2.6840  0.5890  0.0010 -0.4930
  0.000  3.6810  2.7580  0.6620  0.0000 -0.5340
  2.150  3.9200  2.8570  0.7880  0.0150 -0.5520
  4.300  4.0660  2.8950  0.8740  0.0450 -0.5550
  6.450  4.0760  2.8530  0.9060  0.0870 -0.5450
  8.600  4.1580  2.9070  0.9960  0.1420 -0.5220
 10.750  4.3530  3.1110  1.1680  0.2060 -0.4890
 12.900  4.5400  3.2980  1.3240  0.2780 -0.4430
 15.050  4.7260  3.4740  1.4680  0.3550 -0.3870
 17.200  4.9150  3.6200  1.5990  0.4410 -0.3230
 19.350  5.1100  3.7430  1.7230  0.5350 -0.2470
 21.500  5.3020  3.8600  1.8370  0.6360 -0.1620
 23.650  5.4560  3.9500  1.9180  0.7430 -0.0640
 25.800  5.5880  4.0590  2.0450  0.8600  0.0380
 27.950  5.6830  4.1900  2.2320  0.9880  0.1430
 30.100  5.8220  4.3500  2.4220  1.1210  0.2570
 32.250  6.0110  4.5460  2.6090  1.2590  0.3820
 34.400  6.2260  4.7730  2.8200  1.4030  0.5140
 36.550  6.3870  4.9550  3.0120  1.5510  0.6410
 38.700  6.5230  5.1210  3.2030  1.7020  0.7680
 40.850  6.6350  5.2880  3.3950  1.8560  0.8960
 43.000  6.7040  5.4470  3.5720  2.0090  1.0240
 45.150  6.7570  5.6070  3.7540  2.1620  1.1540
 47.300  6.8200  5.7500  3.9160  2.3120  1.2780
 49.450  6.9120  5.8640  4.0360  2.4610  1.3900
 51.600  6.9830  5.9620  4.1410  2.6020  1.4950
 53.750  7.0290  6.0450  4.2330  2.7370  1.5960
 55.900  7.0410  6.1320  4.3490  2.8550  1.7090
 58.050  7.0290  6.2000  4.4520  2.9590  1.8150
 60.200  6.9910  6.2490  4.5420  3.0520  1.9140
 62.350  6.9860  6.2690  4.5900  3.1340  2.0020
 64.500  7.0850  6.2650  4.5760  3.2110  2.0740
 66.650  7.1800  6.2530  4.5550  3.2810  2.1390
 68.800  7.2730  6.2340  4.5280  3.3460  2.1980
 70.950  7.3580  6.2200  4.5070  3.4060  2.2510
 73.100  7.4050  6.2530  4.5450  3.4580  2.3040
 75.250  7.4460  6.2800  4.5760  3.5060  2.3550
 77.400  7.4780  6.2970  4.5980  3.5460  2.4060
 79.550  7.5050  6.3080  4.6120  3.5810  2.4560
 81.700  7.5340  6.3300  4.6570  3.6120  2.4950
 83.850  7.5630  6.3560  4.7120  3.6410  2.5300
 86.000  7.5880  6.3780  4.7640  3.6650  2.5620
 88.150  7.6110  6.3990  4.8170  3.6880  2.5920
 90.300  7.6080  6.4050  4.8570  3.7050  2.6280
 92.450  7.5960  6.4060  4.8960  3.7230  2.6650
 94.600  7.5820  6.4070  4.9370  3.7400  2.6980
 96.750  7.5690  6.4090  4.9810  3.7580  2.7270
 98.900  7.5560  6.4090  5.0270  3.7750  2.7520
101.050  7.5510  6.4130  5.0650  3.7930  2.7730
103.200  7.5780  6.4280  5.0550  3.8120  2.7870
105.350  7.6060  6.4440  5.0460  3.8310  2.8000
107.500  7.6350  6.4600  5.0380  3.8500  2.8120
109.650  7.6640  6.4740  5.0270  3.8690  2.8250
111.800  7.6930  6.4890  5.0170  3.8880  2.8400
113.950  7.7220  6.5030  5.0060  3.9060  2.8560
116.100  7.7530  6.5180  4.9950  3.9250  2.8720
118.250  7.7850  6.5350  4.9870  3.9430  2.8870
120.400  7.8340  6.5760  5.0190  3.9630  2.9020
122.550  7.8830  6.6170  5.0500  3.9820  2.9160
124.700  7.9350  6.6600  5.0840  4.0030  2.9290
126.850  7.9870  6.7040  5.1160  4.0220  2.9430
129.000  8.0430  6.7490  5.1500  4.0420  2.9560
131.150  8.1000  6.7950  5.1840  4.0620  2.9690
133.300  8.1600  6.8440  5.2200  4.0820  2.9830
135.450  8.2230  6.8930  5.2550  4.1010  2.9960
137.600  8.2460  6.9140  5.2660  4.1200  3.0140
139.750  8.2660  6.9330  5.2730  4.1370  3.0310
141.900  8.2870  6.9530  5.2820  4.1560  3.0490
144.050  8.3070  6.9710  5.2890  4.1730  3.0660
146.200  8.3290  6.9910  5.2960  4.1910  3.0840
148.350  8.3490  7.0100  5.3030  4.2090  3.1030
150.500  8.3710  7.0300  5.3100  4.2270  3.1210
152.650  8.3920  7.0480  5.3150  4.2440  3.1390
154.800  8.4140  7.0680  5.3220  4.2620  3.1580
156.950  8.4350  7.0870  5.3270  4.2790  3.1770
159.100  8.4570  7.1070  5.3320  4.2970  3.1970
161.250  8.4790  7.1260  5.3360  4.3140  3.2160
163.400  8.5000  7.1450  5.3410  4.3320  3.2360
165.550  8.5120  7.1570  5.3430  4.3500  3.2530
167.700  8.5250  7.1700  5.3460  4.3690  3.2700
169.850  8.5360  7.1810  5.3480  4.3860  3.2860
172.000  8.5490  7.1930  5.3500  4.4050  3.3040
174.150  8.5600  7.2040  5.3510  4.4230  3.3210
176.300  8.5720  7.2160  5.3540  4.4420  3.3380
178.450  8.5820  7.2270  5.3540  4.4600  3.3560
180.600  8.5940  7.2390  5.3560  4.4790  3.3730
182.750  8.6040  7.2490  5.3560  4.4960  3.3910
184.900  8.6150  7.2600  5.3560  4.5150  3.4080
187.050  8.6250  7.2700  5.3560  4.5330  3.4260
187.050  8.6250  7.2700  5.3560  4.5330  3.4260
187.050  8.6250  7.2700  5.3560  4.5330  3.4260
187.050  8.6250  7.2700  5.3560  4.5330  3.4260
187.050  8.6250  7.2700  5.3560  4.5330  3.4260
259.002  4.0150  4.0150  4.0150  4.0150  4.0150
