#1 observer-frame phase [day]
#2 SC B mag (AB)
#3 SC V mag (AB)
#4 SC R mag (AB)
#5 SC i mag (AB)
#6 SC z mag (AB)
-200.000  3.8110  3.8110  3.8110  3.8110  3.8110
-37.400  3.8110  3.8110  3.8110  3.8110  3.8110
-35.200 15.0840 13.1660  9.6620  7.4140  6.9300
-33.000  9.3420  8.1540  5.3970  4.9580  4.3600
-30.800  8.1920  7.0050  4.2510  3.8310  3.2310
-28.600  7.4460  6.2600  3.5060  3.0930  2.4930
-26.400  6.8940  5.7080  2.9540  2.5440  1.9430
-24.200  5.9310  4.9190  2.5200  2.0850  1.5200
-22.000  5.3860  4.4420  2.1620  1.7030  1.1760
-19.800  4.9920  4.0780  1.8550  1.3840  0.8730
-17.600  4.6480  3.7970  1.5950  1.1090  0.6080
-15.400  4.3270  3.5900  1.3780  0.8700  0.3780
-13.200  4.0610  3.3930  1.1750  0.6530  0.1590
-11.000  3.8680  3.2920  1.0280  0.4660 -0.0500
 -8.800  3.7390  3.2960  0.9390  0.3120 -0.2380
 -6.600  3.5940  3.1170  0.8050  0.1790 -0.3770
 -4.400  3.4470  2.8230  0.6470  0.0700 -0.4680
 -2.200  3.4180  2.7100  0.5790  0.0120 -0.5450
  0.000  3.5170  2.7700  0.6010  0.0000 -0.6180
  2.200  3.6690  2.8650  0.6740  0.0090 -0.6600
  4.400  3.8930  2.9960  0.8040  0.0340 -0.6740
  6.600  4.0290  3.0580  0.8900  0.0700 -0.6720
  8.800  4.0420  3.0270  0.9190  0.1110 -0.6550
 11.000  4.1290  3.0870  1.0100  0.1710 -0.6280
 13.200  4.3280  3.2900  1.1920  0.2500 -0.5960
 15.400  4.5220  3.4730  1.3560  0.3320 -0.5490
 17.600  4.7160  3.6390  1.5070  0.4190 -0.4900
 19.800  4.9080  3.7880  1.6380  0.5160 -0.4240
 22.000  5.1020  3.9250  1.7540  0.6230 -0.3500
 24.200  5.2910  4.0580  1.8600  0.7320 -0.2650
 26.400  5.4380  4.1660  1.9370  0.8400 -0.1620
 28.600  5.5690  4.2870  2.0610  0.9680 -0.0630
 30.800  5.6720  4.4200  2.2470  1.1190  0.0290
 33.000  5.8140  4.5770  2.4370  1.2650  0.1420
 35.200  6.0030  4.7620  2.6280  1.4020  0.2790
 37.400  6.2180  4.9720  2.8460  1.5440  0.4270
 39.600  6.3790  5.1410  3.0450  1.6960  0.5620
 41.800  6.5160  5.2940  3.2430  1.8530  0.6930
 44.000  6.6260  5.4490  3.4420  2.0130  0.8270
 46.200  6.6890  5.6000  3.6170  2.1730  0.9590
 48.400  6.7350  5.7510  3.7970  2.3340  1.0930
 50.600  6.7930  5.8860  3.9560  2.4920  1.2190
 52.800  6.8820  5.9980  4.0750  2.6450  1.3330
 55.000  6.9500  6.0940  4.1770  2.7910  1.4380
 57.200  6.9940  6.1720  4.2680  2.9290  1.5380
 59.400  7.0110  6.2420  4.3920  3.0360  1.6600
 61.600  7.0050  6.2910  4.5060  3.1280  1.7770
 63.800  6.9720  6.3180  4.6090  3.2040  1.8890
 66.000  6.9720  6.3380  4.6630  3.2730  1.9860
 68.200  7.0720  6.3780  4.6330  3.3460  2.0570
 70.400  7.1690  6.4100  4.5970  3.4130  2.1210
 72.600  7.2640  6.4340  4.5570  3.4750  2.1790
 74.800  7.3510  6.4560  4.5250  3.5320  2.2320
 77.000  7.3950  6.4960  4.5550  3.5820  2.2860
 79.200  7.4330  6.5310  4.5770  3.6260  2.3380
 81.400  7.4630  6.5560  4.5900  3.6610  2.3890
 83.600  7.4870  6.5750  4.5950  3.6910  2.4370
 85.800  7.5110  6.6010  4.6340  3.7310  2.4660
 88.000  7.5340  6.6280  4.6860  3.7730  2.4870
 90.200  7.5540  6.6510  4.7340  3.8110  2.5050
 92.400  7.5720  6.6730  4.7820  3.8470  2.5210
 94.600  7.5670  6.6680  4.8230  3.8640  2.5530
 96.800  7.5550  6.6540  4.8640  3.8740  2.5910
 99.000  7.5410  6.6390  4.9060  3.8840  2.6250
101.200  7.5290  6.6250  4.9530  3.8950  2.6580
103.400  7.5150  6.6100  5.0010  3.9060  2.6870
105.600  7.5100  6.6030  5.0400  3.9190  2.7120
107.800  7.5370  6.6290  5.0280  3.9340  2.7280
110.000  7.5650  6.6570  5.0160  3.9510  2.7440
112.200  7.5950  6.6850  5.0050  3.9670  2.7590
114.400  7.6230  6.7120  4.9920  3.9820  2.7750
116.600  7.6530  6.7410  4.9790  3.9980  2.7930
118.800  7.6820  6.7680  4.9650  4.0120  2.8100
121.000  7.7130  6.7980  4.9520  4.0270  2.8290
123.200  7.7460  6.8280  4.9420  4.0430  2.8460
125.400  7.7950  6.8720  4.9740  4.0670  2.8580
127.600  7.8460  6.9170  5.0060  4.0910  2.8690
129.800  7.8990  6.9640  5.0390  4.1170  2.8800
132.000  7.9540  7.0110  5.0720  4.1410  2.8900
134.200  8.0110  7.0620  5.1070  4.1670  2.9010
136.400  8.0700  7.1120  5.1410  4.1910  2.9110
138.600  8.1330  7.1660  5.1760  4.2170  2.9220
140.800  8.1970  7.2200  5.2120  4.2430  2.9320
143.000  8.2200  7.2420  5.2240  4.2580  2.9520
145.200  8.2410  7.2610  5.2340  4.2720  2.9720
147.400  8.2620  7.2810  5.2450  4.2860  2.9930
149.600  8.2830  7.3000  5.2540  4.3000  3.0130
151.800  8.3040  7.3200  5.2640  4.3140  3.0350
154.000  8.3250  7.3390  5.2720  4.3270  3.0560
156.200  8.3470  7.3600  5.2820  4.3400  3.0780
158.400  8.3680  7.3790  5.2900  4.3530  3.1000
160.600  8.3900  7.3990  5.2990  4.3660  3.1220
162.800  8.4110  7.4180  5.3060  4.3780  3.1450
165.000  8.4330  7.4390  5.3140  4.3900  3.1690
167.200  8.4550  7.4580  5.3210  4.4010  3.1920
169.400  8.4770  7.4780  5.3280  4.4140  3.2160
171.600  8.4890  7.4900  5.3310  4.4300  3.2340
173.800  8.5010  7.5030  5.3350  4.4470  3.2530
176.000  8.5130  7.5140  5.3380  4.4630  3.2700
178.200  8.5250  7.5260  5.3420  4.4790  3.2890
180.400  8.5360  7.5370  5.3450  4.4950  3.3080
182.600  8.5480  7.5490  5.3480  4.5120  3.3260
184.800  8.5590  7.5600  5.3500  4.5270  3.3450
187.000  8.5700  7.5720  5.3530  4.5440  3.3640
189.200  8.5800  7.5820  5.3540  4.5590  3.3830
191.400  8.5910  7.5930  5.3560  4.5750  3.4030
193.600  8.6010  7.6030  5.3560  4.5900  3.4220
193.600  8.6010  7.6030  5.3560  4.5900  3.4220
193.600  8.6010  7.6030  5.3560  4.5900  3.4220
193.600  8.6010  7.6030  5.3560  4.5900  3.4220
193.600  8.6010  7.6030  5.3560  4.5900  3.4220
238.173  3.8110  3.8110  3.8110  3.8110  3.8110
