#1 observer-frame phase [day]
#2 SC B mag (AB)
#3 SC V mag (AB)
#4 SC R mag (AB)
#5 SC i mag (AB)
#6 SC z mag (AB)
-200.000 30.0000 30.0000 30.0000 30.0000 30.0000
-45.000 30.0000 30.0000 30.0000 30.0000 30.0000
-42.750 41.5540 39.6920 36.3710 33.8790 33.1780
-40.500 35.8680 34.6180 31.7960 31.2700 30.6240
-38.250 34.7190 33.4700 30.6490 30.1400 29.4950
-36.000 33.9730 32.7240 29.9040 29.4010 28.7570
-33.750 33.4200 32.1720 29.3520 28.8520 28.2080
-31.500 32.3500 31.3580 28.9220 28.3840 27.7920
-29.250 31.7780 30.8730 28.5670 28.0030 27.4530
-27.000 31.3750 30.5050 28.2610 27.6840 27.1510
-24.750 31.0230 30.2200 27.9990 27.4110 26.8880
-22.500 30.6920 30.0080 27.7750 27.1750 26.6610
-20.250 30.4220 29.8070 27.5680 26.9610 26.4450
-18.000 30.2210 29.7000 27.4220 26.7770 26.2420
-15.750 30.0810 29.6940 27.3410 26.6250 26.0600
-13.500 29.9410 29.4960 27.2120 26.4860 25.9330
-11.250 29.8110 29.1840 27.0590 26.3640 25.8590
 -9.000 29.7920 29.0650 26.9980 26.3000 25.7950
 -6.750 29.8920 29.1310 27.0310 26.2920 25.7270
 -4.500 30.0390 29.2490 27.1120 26.3090 25.6890
 -2.250 30.2420 29.4320 27.2480 26.3480 25.6780
  0.000 30.3680 29.5260 27.3370 26.3930 25.6850
  2.250 30.3850 29.5020 27.3660 26.4390 25.7080
  4.500 30.4760 29.5630 27.4590 26.5070 25.7400
  6.750 30.6810 29.7570 27.6500 26.5980 25.7760
  9.000 30.8780 29.9330 27.8230 26.6910 25.8240
 11.250 31.0760 30.0960 27.9820 26.7880 25.8820
 13.500 31.2670 30.2490 28.1150 26.8970 25.9440
 15.750 31.4550 30.3960 28.2270 27.0170 26.0110
 18.000 31.6370 30.5400 28.3310 27.1360 26.0920
 20.250 31.7750 30.6630 28.4070 27.2430 26.1920
 22.500 31.9080 30.7900 28.5280 27.3750 26.2880
 24.750 32.0260 30.9190 28.7100 27.5380 26.3750
 27.000 32.1750 31.0710 28.8980 27.6940 26.4860
 29.250 32.3590 31.2480 29.0900 27.8390 26.6240
 31.500 32.5670 31.4460 29.3100 27.9910 26.7720
 33.750 32.7250 31.6060 29.5130 28.1450 26.9090
 36.000 32.8600 31.7490 29.7200 28.3000 27.0440
 38.250 32.9710 31.8920 29.9240 28.4610 27.1800
 40.500 33.0350 32.0340 30.0950 28.6300 27.3140
 42.750 33.0830 32.1730 30.2710 28.8010 27.4470
 45.000 33.1420 32.2990 30.4240 28.9630 27.5750
 47.250 33.2320 32.4110 30.5380 29.1110 27.6960
 49.500 33.3020 32.5050 30.6340 29.2490 27.8070
 51.750 33.3470 32.5810 30.7190 29.3780 27.9140
 54.000 33.3770 32.6360 30.8470 29.4830 28.0410
 56.250 33.3820 32.6690 30.9650 29.5700 28.1620
 58.500 33.3610 32.6790 31.0740 29.6420 28.2790
 60.750 33.3680 32.6950 31.1300 29.7040 28.3800
 63.000 33.4650 32.7580 31.0950 29.7720 28.4510
 65.250 33.5600 32.8150 31.0540 29.8330 28.5160
 67.500 33.6520 32.8650 31.0100 29.8880 28.5740
 69.750 33.7360 32.9110 30.9730 29.9380 28.6270
 72.000 33.7770 32.9610 30.9950 29.9880 28.6820
 74.250 33.8120 33.0050 31.0100 30.0310 28.7350
 76.500 33.8380 33.0410 31.0150 30.0650 28.7860
 78.750 33.8580 33.0720 31.0130 30.0940 28.8340
 81.000 33.8770 33.1050 31.0480 30.1350 28.8590
 83.250 33.8950 33.1390 31.0970 30.1810 28.8740
 85.500 33.9100 33.1700 31.1430 30.2230 28.8870
 87.750 33.9220 33.1990 31.1880 30.2630 28.8970
 90.000 33.9150 33.1860 31.2280 30.2820 28.9260
 92.250 33.9000 33.1560 31.2700 30.2940 28.9620
 94.500 33.8840 33.1260 31.3140 30.3050 28.9960
 96.750 33.8690 33.0970 31.3610 30.3190 29.0280
 99.000 33.8520 33.0680 31.4110 30.3330 29.0570
101.250 33.8460 33.0510 31.4500 30.3490 29.0830
103.500 33.8740 33.0810 31.4370 30.3640 29.1000
105.750 33.9040 33.1130 31.4250 30.3810 29.1170
108.000 33.9350 33.1450 31.4130 30.3970 29.1330
110.250 33.9650 33.1770 31.3990 30.4130 29.1490
112.500 33.9960 33.2100 31.3850 30.4280 29.1680
114.750 34.0270 33.2430 31.3710 30.4420 29.1860
117.000 34.0600 33.2780 31.3560 30.4570 29.2060
119.250 34.0940 33.3140 31.3470 30.4730 29.2230
121.500 34.1460 33.3590 31.3790 30.5000 29.2350
123.750 34.1980 33.4050 31.4100 30.5260 29.2450
126.000 34.2530 33.4530 31.4430 30.5540 29.2560
128.250 34.3090 33.5020 31.4760 30.5800 29.2660
130.500 34.3690 33.5530 31.5100 30.6090 29.2770
132.750 34.4300 33.6050 31.5440 30.6360 29.2870
135.000 34.4960 33.6600 31.5800 30.6650 29.2970
137.250 34.5630 33.7160 31.6150 30.6930 29.3070
139.500 34.5870 33.7380 31.6290 30.7060 29.3280
141.750 34.6070 33.7570 31.6410 30.7170 29.3500
144.000 34.6290 33.7780 31.6530 30.7280 29.3720
146.250 34.6490 33.7970 31.6650 30.7390 29.3940
148.500 34.6710 33.8170 31.6770 30.7500 29.4180
150.750 34.6920 33.8370 31.6870 30.7590 29.4410
153.000 34.7130 33.8570 31.6990 30.7700 29.4640
155.250 34.7340 33.8770 31.7090 30.7790 29.4880
157.500 34.7570 33.8970 31.7200 30.7880 29.5120
159.750 34.7780 33.9170 31.7300 30.7960 29.5370
162.000 34.8000 33.9380 31.7400 30.8050 29.5630
164.250 34.8220 33.9580 31.7490 30.8130 29.5890
166.500 34.8440 33.9780 31.7580 30.8210 29.6160
168.750 34.8560 33.9900 31.7630 30.8360 29.6330
171.000 34.8690 34.0020 31.7690 30.8520 29.6520
173.250 34.8800 34.0140 31.7730 30.8670 29.6690
175.500 34.8920 34.0260 31.7780 30.8830 29.6880
177.750 34.9030 34.0370 31.7820 30.8970 29.7060
180.000 34.9150 34.0490 31.7860 30.9130 29.7240
182.250 34.9260 34.0600 31.7890 30.9270 29.7430
184.500 34.9380 34.0710 31.7930 30.9430 29.7610
186.750 34.9480 34.0810 31.7960 30.9570 29.7800
189.000 34.9590 34.0930 31.7990 30.9720 29.7990
191.250 34.9690 34.1020 31.8010 30.9850 29.8180
191.250 34.9690 34.1020 31.8010 30.9850 29.8180
191.250 34.9690 34.1020 31.8010 30.9850 29.8180
191.250 34.9690 34.1020 31.8010 30.9850 29.8180
191.250 34.9690 34.1020 31.8010 30.9850 29.8180
213.032 30.0000 30.0000 30.0000 30.0000 30.0000
