#1 observer-frame phase [day]
#2 SC B mag (AB)
#3 SC V mag (AB)
#4 SC R mag (AB)
#5 SC i mag (AB)
#6 SC z mag (AB)
-200.000  3.6140  3.6140  3.6140  3.6140  3.6140
-36.800  3.6140  3.6140  3.6140  3.6140  3.6140
-34.500 15.4390 13.5780 10.5170  7.8000  6.8680
-32.200  9.9220  8.3910  5.7130  4.9590  4.3900
-29.900  8.7730  7.2420  4.5650  3.8250  3.2620
-27.600  8.0270  6.4970  3.8200  3.0840  2.5250
-25.300  7.4750  5.9440  3.2680  2.5340  1.9750
-23.000  6.2150  5.1410  2.8290  2.0600  1.5760
-20.700  5.6070  4.6570  2.4710  1.6820  1.2380
-18.400  5.1890  4.2890  2.1640  1.3650  0.9370
-16.100  4.8300  4.0000  1.8990  1.0970  0.6720
-13.800  4.4950  3.7780  1.6700  0.8710  0.4400
-11.500  4.2230  3.5710  1.4600  0.6640  0.2220
 -9.200  4.0180  3.4570  1.3170  0.4820  0.0240
 -6.900  3.8730  3.4430  1.2440  0.3300 -0.1470
 -4.600  3.7370  3.2410  1.1190  0.1880 -0.2680
 -2.300  3.6170  2.9290  0.9660  0.0610 -0.3350
  0.000  3.6020  2.8110  0.9090  0.0000 -0.3930
  2.300  3.7000  2.8820  0.9490  0.0030 -0.4580
  4.600  3.8370  3.0180  1.0360  0.0350 -0.4950
  6.900  4.0180  3.2430  1.1750  0.0950 -0.5090
  9.200  4.1310  3.3660  1.2580  0.1530 -0.5030
 11.500  4.1530  3.3460  1.2680  0.2070 -0.4790
 13.800  4.2480  3.4040  1.3480  0.2870 -0.4480
 16.100  4.4590  3.5840  1.5350  0.3940 -0.4120
 18.400  4.6600  3.7520  1.7090  0.5020 -0.3650
 20.700  4.8580  3.9140  1.8760  0.6130 -0.3110
 23.000  5.0460  4.0700  2.0120  0.7350 -0.2540
 25.300  5.2300  4.2250  2.1240  0.8670 -0.1930
 27.600  5.4070  4.3790  2.2280  0.9940 -0.1160
 29.900  5.5400  4.5100  2.3050  1.0980 -0.0150
 32.200  5.6770  4.6400  2.4250  1.2330  0.0830
 34.500  5.8100  4.7640  2.6000  1.4060  0.1720
 36.800  5.9630  4.9110  2.7830  1.5740  0.2840
 39.100  6.1380  5.0850  2.9750  1.7300  0.4190
 41.400  6.3340  5.2790  3.1930  1.8970  0.5620
 43.700  6.4860  5.4330  3.3980  2.0530  0.7040
 46.000  6.6190  5.5690  3.6060  2.2050  0.8470
 48.300  6.7310  5.7030  3.8120  2.3660  0.9890
 50.600  6.8070  5.8370  3.9810  2.5410  1.1250
 52.900  6.8700  5.9650  4.1550  2.7200  1.2600
 55.200  6.9380  6.0830  4.3070  2.8860  1.3910
 57.500  7.0320  6.1930  4.4200  3.0270  1.5200
 59.800  7.1050  6.2860  4.5170  3.1560  1.6400
 62.100  7.1570  6.3580  4.6020  3.2750  1.7550
 64.400  7.2020  6.4010  4.7270  3.3830  1.8820
 66.700  7.2250  6.4210  4.8420  3.4750  2.0020
 69.000  7.2230  6.4150  4.9470  3.5520  2.1170
 71.300  7.2390  6.4250  4.9990  3.6150  2.2170
 73.600  7.3270  6.4990  4.9600  3.6720  2.2900
 75.900  7.4110  6.5670  4.9180  3.7210  2.3550
 78.200  7.4920  6.6300  4.8710  3.7640  2.4140
 80.500  7.5640  6.6880  4.8310  3.8040  2.4680
 82.800  7.6010  6.7420  4.8500  3.8550  2.5230
 85.100  7.6320  6.7910  4.8620  3.9000  2.5740
 87.400  7.6540  6.8320  4.8640  3.9360  2.6220
 89.700  7.6690  6.8680  4.8580  3.9650  2.6670
 92.000  7.6810  6.9060  4.8920  4.0080  2.6900
 94.300  7.6920  6.9450  4.9390  4.0550  2.7050
 96.600  7.6990  6.9800  4.9820  4.0990  2.7160
 98.900  7.7040  7.0130  5.0250  4.1410  2.7260
101.200  7.6900  6.9980  5.0640  4.1650  2.7510
103.500  7.6700  6.9630  5.1050  4.1830  2.7830
105.800  7.6480  6.9290  5.1460  4.2010  2.8120
108.100  7.6280  6.8950  5.1920  4.2220  2.8400
110.400  7.6060  6.8610  5.2380  4.2430  2.8660
112.700  7.5960  6.8420  5.2760  4.2650  2.8900
115.000  7.6270  6.8750  5.2610  4.2800  2.9060
117.300  7.6600  6.9100  5.2480  4.2970  2.9220
119.600  7.6940  6.9460  5.2350  4.3140  2.9380
121.900  7.7280  6.9820  5.2200  4.3290  2.9540
124.200  7.7630  7.0200  5.2060  4.3440  2.9710
126.500  7.7970  7.0570  5.1900  4.3580  2.9880
128.800  7.8340  7.0970  5.1750  4.3730  3.0060
131.100  7.8730  7.1380  5.1640  4.3880  3.0220
133.400  7.9270  7.1840  5.1960  4.4160  3.0350
135.700  7.9810  7.2310  5.2270  4.4430  3.0470
138.000  8.0400  7.2810  5.2590  4.4720  3.0590
140.300  8.0990  7.3310  5.2910  4.5000  3.0710
142.600  8.1620  7.3840  5.3250  4.5300  3.0830
144.900  8.2280  7.4380  5.3590  4.5590  3.0940
147.200  8.2970  7.4950  5.3940  4.5890  3.1060
149.500  8.3700  7.5530  5.4280  4.6190  3.1170
151.800  8.3940  7.5750  5.4440  4.6300  3.1390
154.100  8.4140  7.5950  5.4580  4.6390  3.1600
156.400  8.4360  7.6150  5.4730  4.6490  3.1830
158.700  8.4560  7.6350  5.4860  4.6580  3.2050
161.000  8.4780  7.6550  5.5000  4.6670  3.2280
163.300  8.4990  7.6750  5.5140  4.6740  3.2510
165.600  8.5210  7.6960  5.5280  4.6830  3.2740
167.900  8.5420  7.7150  5.5400  4.6900  3.2980
170.200  8.5640  7.7360  5.5540  4.6970  3.3220
172.500  8.5860  7.7560  5.5660  4.7030  3.3470
174.800  8.6080  7.7770  5.5790  4.7100  3.3720
177.100  8.6300  7.7970  5.5910  4.7150  3.3970
179.400  8.6520  7.8180  5.6040  4.7220  3.4230
181.700  8.6640  7.8300  5.6100  4.7340  3.4410
184.000  8.6770  7.8430  5.6170  4.7480  3.4590
186.300  8.6880  7.8540  5.6230  4.7610  3.4760
188.600  8.7010  7.8660  5.6300  4.7740  3.4950
190.900  8.7120  7.8770  5.6350  4.7860  3.5130
193.200  8.7240  7.8890  5.6420  4.8000  3.5310
195.500  8.7340  7.9000  5.6460  4.8110  3.5490
197.800  8.7460  7.9110  5.6520  4.8240  3.5670
200.100  8.7560  7.9220  5.6560  4.8360  3.5850
202.400  8.7670  7.9330  5.6610  4.8480  3.6040
204.700  8.7770  7.9430  5.6650  4.8590  3.6220
204.700  8.7770  7.9430  5.6650  4.8590  3.6220
204.700  8.7770  7.9430  5.6650  4.8590  3.6220
204.700  8.7770  7.9430  5.6650  4.8590  3.6220
204.700  8.7770  7.9430  5.6650  4.8590  3.6220
204.700  8.7770  7.9430  5.6650  4.8590  3.6220
