#1 observer-frame phase [day]
#2 SC B mag (AB)
#3 SC V mag (AB)
#4 SC R mag (AB)
#5 SC i mag (AB)
#6 SC z mag (AB)
-200.000  2.7610  2.7610  2.7610  2.7610  2.7610
-40.800  2.7610  2.7610  2.7610  2.7610  2.7610
-38.250 15.4390 14.0360 12.2100  8.7820  6.7610
-35.700 10.7070  8.3180  7.1310  4.8720  4.2580
-33.150  9.5600  7.1690  5.9820  3.7280  3.1300
-30.600  8.8140  6.4230  5.2370  2.9840  2.3920
-28.050  8.2620  5.8700  4.6840  2.4320  1.8430
-25.500  6.3250  5.0610  4.0250  1.9830  1.3780
-22.950  5.6380  4.5610  3.5870  1.6190  1.0000
-20.400  5.1920  4.1860  3.2400  1.3080  0.6820
-17.850  4.8270  3.8630  2.9640  1.0470  0.4090
-15.300  4.5030  3.5700  2.7510  0.8320  0.1720
-12.750  4.2360  3.3200  2.5500  0.6310 -0.0440
-10.200  4.0360  3.1520  2.4450  0.4790 -0.2350
 -7.650  3.8950  3.0610  2.4470  0.3790 -0.3980
 -5.100  3.7640  2.9000  2.2930  0.2360 -0.5230
 -2.550  3.6510  2.7010  2.0380  0.0710 -0.6100
  0.000  3.6360  2.6420  1.9340  0.0000 -0.6550
  2.550  3.7250  2.7320  1.9780  0.0230 -0.6640
  5.100  3.8430  2.8920  2.0510  0.0960 -0.6540
  7.650  3.9900  3.1500  2.1520  0.2210 -0.6300
 10.200  4.0830  3.3070  2.1910  0.3050 -0.5900
 12.750  4.1060  3.3120  2.1490  0.3350 -0.5370
 15.300  4.2060  3.3890  2.2020  0.4230 -0.4710
 17.850  4.4290  3.5760  2.4060  0.5970 -0.3980
 20.400  4.6460  3.7550  2.5930  0.7530 -0.3160
 22.950  4.8630  3.9330  2.7690  0.8980 -0.2260
 25.500  5.0660  4.1140  2.9140  1.0310 -0.1260
 28.050  5.2590  4.3020  3.0350  1.1550 -0.0140
 30.600  5.4520  4.4890  3.1480  1.2690  0.0990
 33.150  5.6090  4.6420  3.2360  1.3490  0.2080
 35.700  5.7520  4.7750  3.3430  1.4730  0.3360
 38.250  5.8670  4.8730  3.4720  1.6570  0.4850
 40.800  5.9980  5.0140  3.6330  1.8440  0.6290
 43.350  6.1450  5.2050  3.8310  2.0330  0.7650
 45.900  6.3010  5.4240  4.0600  2.2460  0.9040
 48.450  6.4430  5.5850  4.2440  2.4390  1.0520
 51.000  6.5760  5.7200  4.4140  2.6290  1.2020
 53.550  6.7070  5.8320  4.5830  2.8210  1.3570
 56.100  6.8380  5.9030  4.7430  2.9970  1.5180
 58.650  6.9620  5.9580  4.9030  3.1790  1.6810
 61.200  7.0640  6.0230  5.0470  3.3400  1.8380
 63.750  7.1390  6.1180  5.1620  3.4620  1.9900
 66.300  7.1910  6.1940  5.2610  3.5680  2.1350
 68.850  7.2250  6.2430  5.3450  3.6610  2.2720
 71.400  7.3060  6.2510  5.4350  3.7770  2.3840
 73.950  7.3670  6.2350  5.5070  3.8790  2.4820
 76.500  7.4070  6.1920  5.5600  3.9680  2.5650
 79.050  7.4510  6.1850  5.5810  4.0150  2.6410
 81.600  7.5300  6.2840  5.5680  3.9960  2.7200
 84.150  7.6040  6.3800  5.5490  3.9700  2.7950
 86.700  7.6740  6.4740  5.5230  3.9390  2.8650
 89.250  7.7330  6.5600  5.5030  3.9150  2.9280
 91.800  7.7610  6.6110  5.5360  3.9520  2.9770
 94.350  7.7830  6.6560  5.5620  3.9830  3.0200
 96.900  7.7950  6.6930  5.5790  4.0040  3.0550
 99.450  7.8000  6.7240  5.5890  4.0180  3.0840
102.000  7.7830  6.7610  5.6120  4.0610  3.1200
104.550  7.7610  6.7980  5.6390  4.1150  3.1570
107.100  7.7360  6.8310  5.6630  4.1660  3.1910
109.650  7.7110  6.8630  5.6840  4.2160  3.2220
112.200  7.6680  6.8640  5.6920  4.2560  3.2380
114.750  7.6210  6.8520  5.6960  4.2940  3.2490
117.300  7.5730  6.8400  5.6990  4.3340  3.2590
119.850  7.5280  6.8280  5.7030  4.3770  3.2720
122.400  7.4830  6.8150  5.7050  4.4220  3.2830
124.950  7.4570  6.8110  5.7110  4.4590  3.2980
127.500  7.5000  6.8370  5.7220  4.4490  3.3170
130.050  7.5460  6.8650  5.7350  4.4410  3.3370
132.600  7.5940  6.8930  5.7470  4.4320  3.3570
135.150  7.6430  6.9210  5.7580  4.4220  3.3770
137.700  7.6950  6.9500  5.7700  4.4120  3.3960
140.250  7.7480  6.9780  5.7800  4.4000  3.4150
142.800  7.8040  7.0080  5.7910  4.3890  3.4350
145.350  7.8630  7.0390  5.8040  4.3820  3.4540
147.900  7.9290  7.0850  5.8440  4.4140  3.4770
150.450  7.9970  7.1310  5.8840  4.4460  3.5000
153.000  8.0700  7.1800  5.9260  4.4790  3.5230
155.550  8.1460  7.2300  5.9680  4.5120  3.5460
158.100  8.2280  7.2820  6.0130  4.5470  3.5700
160.650  8.3140  7.3350  6.0580  4.5810  3.5930
163.200  8.4080  7.3920  6.1050  4.6170  3.6170
165.750  8.5090  7.4490  6.1520  4.6520  3.6400
168.300  8.5340  7.4720  6.1730  4.6630  3.6570
170.850  8.5550  7.4920  6.1920  4.6720  3.6720
173.400  8.5770  7.5130  6.2110  4.6810  3.6880
175.950  8.5980  7.5330  6.2300  4.6890  3.7030
178.500  8.6200  7.5550  6.2500  4.6970  3.7190
181.050  8.6410  7.5750  6.2680  4.7050  3.7330
183.600  8.6640  7.5970  6.2880  4.7130  3.7490
186.150  8.6850  7.6170  6.3070  4.7190  3.7630
188.700  8.7080  7.6390  6.3270  4.7260  3.7780
191.250  8.7300  7.6600  6.3450  4.7320  3.7920
193.800  8.7530  7.6820  6.3650  4.7390  3.8070
196.350  8.7750  7.7030  6.3840  4.7440  3.8200
198.900  8.7980  7.7250  6.4030  4.7490  3.8340
201.450  8.8100  7.7370  6.4150  4.7520  3.8530
204.000  8.8230  7.7490  6.4280  4.7560  3.8730
206.550  8.8340  7.7610  6.4390  4.7580  3.8920
209.100  8.8460  7.7730  6.4510  4.7620  3.9120
211.650  8.8570  7.7840  6.4620  4.7640  3.9300
214.200  8.8690  7.7960  6.4740  4.7670  3.9500
216.750  8.8800  7.8070  6.4850  4.7680  3.9690
219.300  8.8920  7.8180  6.4970  4.7700  3.9890
221.850  8.9020  7.8280  6.5070  4.7710  4.0070
224.400  8.9130  7.8400  6.5180  4.7720  4.0270
226.950  8.9230  7.8490  6.5280  4.7720  4.0460
226.950  8.9230  7.8490  6.5280  4.7720  4.0460
226.950  8.9230  7.8490  6.5280  4.7720  4.0460
226.950  8.9230  7.8490  6.5280  4.7720  4.0460
226.950  8.9230  7.8490  6.5280  4.7720  4.0460
226.950  8.9230  7.8490  6.5280  4.7720  4.0460
