#1 observer-frame phase [day]
#2 SC B mag (AB)
#3 SC V mag (AB)
#4 SC R mag (AB)
#5 SC i mag (AB)
#6 SC z mag (AB)
-200.000  1.9020  1.9020  1.9020  1.9020  1.9020
-44.000  1.9020  1.9020  1.9020  1.9020  1.9020
-41.250 15.0460 14.1710 12.4940  9.6930  6.9220
-38.500 10.3960  8.5200  7.2870  4.8330  3.9730
-35.750  9.2480  7.3710  6.1380  3.6850  2.8370
-33.000  8.5030  6.6250  5.3930  2.9400  2.0960
-30.250  7.9510  6.0720  4.8400  2.3870  1.5460
-27.500  6.0410  4.9410  4.0400  1.9320  1.0420
-24.750  5.3570  4.3560  3.5560  1.5670  0.6530
-22.000  4.9120  3.9470  3.1890  1.2570  0.3300
-19.250  4.5470  3.5910  2.8990  0.9900  0.0680
-16.500  4.2240  3.2570  2.6760  0.7620 -0.1370
-13.750  3.9580  2.9840  2.4680  0.5510 -0.3310
-11.000  3.7580  2.7800  2.3540  0.4110 -0.5060
 -8.250  3.6150  2.6370  2.3410  0.3450 -0.6570
 -5.500  3.4830  2.4980  2.1390  0.2190 -0.8080
 -2.750  3.3680  2.3730  1.8270  0.0600 -0.9500
  0.000  3.3520  2.3560  1.7090  0.0000 -1.0170
  2.750  3.4400  2.4560  1.7800  0.0400 -1.0090
  5.500  3.5580  2.5990  1.9190  0.1260 -0.9650
  8.250  3.7060  2.7930  2.1490  0.2620 -0.8880
 11.000  3.8010  2.9140  2.2760  0.3400 -0.8200
 13.750  3.8260  2.9340  2.2570  0.3430 -0.7660
 16.500  3.9270  3.0270  2.3150  0.4170 -0.6780
 19.250  4.1480  3.2310  2.4930  0.6040 -0.5500
 22.000  4.3660  3.4250  2.6600  0.7780 -0.4270
 24.750  4.5930  3.6160  2.8210  0.9460 -0.3070
 27.500  4.7920  3.8030  2.9780  1.0830 -0.1760
 30.250  4.9670  3.9900  3.1360  1.1960 -0.0330
 33.000  5.1430  4.1700  3.2910  1.3010  0.0990
 35.750  5.2960  4.3030  3.4230  1.3800  0.1930
 38.500  5.4480  4.4380  3.5540  1.4980  0.3240
 41.250  5.5900  4.5700  3.6760  1.6690  0.5040
 44.000  5.7400  4.7250  3.8230  1.8490  0.6810
 46.750  5.8960  4.9070  3.9970  2.0410  0.8480
 49.500  6.0650  5.1130  4.1900  2.2610  1.0300
 52.250  6.2110  5.2690  4.3440  2.4650  1.1910
 55.000  6.3470  5.4020  4.4790  2.6720  1.3420
 57.750  6.4790  5.5110  4.6130  2.8760  1.5040
 60.500  6.6050  5.5770  4.7450  3.0440  1.6850
 63.250  6.7230  5.6280  4.8720  3.2160  1.8730
 66.000  6.8180  5.6900  4.9890  3.3670  2.0440
 68.750  6.8860  5.7850  5.0990  3.4810  2.1820
 71.500  6.9290  5.8600  5.1910  3.5780  2.3080
 74.250  6.9550  5.9120  5.2630  3.6630  2.4220
 77.000  7.0380  5.9470  5.3030  3.7850  2.5260
 79.750  7.1010  5.9580  5.3210  3.8950  2.6140
 82.500  7.1440  5.9440  5.3130  3.9950  2.6860
 85.250  7.1950  5.9530  5.3210  4.0430  2.7380
 88.000  7.2930  6.0450  5.3960  4.0080  2.7720
 90.750  7.3880  6.1330  5.4660  3.9680  2.7970
 93.500  7.4820  6.2180  5.5300  3.9230  2.8160
 96.250  7.5640  6.2940  5.5890  3.8850  2.8350
 99.000  7.5980  6.3330  5.6440  3.9050  2.8920
101.750  7.6250  6.3670  5.6930  3.9180  2.9420
104.500  7.6430  6.3910  5.7340  3.9210  2.9840
107.250  7.6530  6.4090  5.7710  3.9160  3.0200
110.000  7.6420  6.4270  5.8100  3.9480  3.0680
112.750  7.6240  6.4440  5.8480  3.9930  3.1200
115.500  7.6030  6.4570  5.8840  4.0350  3.1690
118.250  7.5820  6.4680  5.9180  4.0760  3.2170
121.000  7.5410  6.4600  5.9020  4.1120  3.2450
123.750  7.4940  6.4450  5.8670  4.1500  3.2660
126.500  7.4480  6.4290  5.8320  4.1890  3.2890
129.250  7.4030  6.4130  5.7990  4.2300  3.3140
132.000  7.3590  6.3970  5.7640  4.2730  3.3400
134.750  7.3330  6.3900  5.7450  4.3080  3.3650
137.500  7.3770  6.4190  5.7790  4.2950  3.3760
140.250  7.4230  6.4490  5.8140  4.2830  3.3880
143.000  7.4710  6.4800  5.8510  4.2710  3.4000
145.750  7.5200  6.5100  5.8870  4.2570  3.4100
148.500  7.5720  6.5420  5.9250  4.2440  3.4210
151.250  7.6250  6.5730  5.9640  4.2300  3.4300
154.000  7.6820  6.6060  6.0040  4.2160  3.4390
156.750  7.7410  6.6410  6.0450  4.2060  3.4500
159.500  7.8060  6.6920  6.0920  4.2380  3.4810
162.250  7.8730  6.7440  6.1390  4.2690  3.5100
165.000  7.9450  6.8000  6.1890  4.3020  3.5420
167.750  8.0200  6.8560  6.2390  4.3350  3.5730
170.500  8.1010  6.9160  6.2930  4.3690  3.6060
173.250  8.1860  6.9780  6.3470  4.4020  3.6390
176.000  8.2780  7.0430  6.4040  4.4380  3.6730
178.750  8.3760  7.1110  6.4630  4.4730  3.7070
181.500  8.4020  7.1350  6.4850  4.4900  3.7160
184.250  8.4230  7.1550  6.5050  4.5040  3.7220
187.000  8.4450  7.1770  6.5250  4.5200  3.7290
189.750  8.4660  7.1970  6.5450  4.5340  3.7340
192.500  8.4880  7.2190  6.5650  4.5490  3.7400
195.250  8.5100  7.2400  6.5850  4.5640  3.7450
198.000  8.5320  7.2620  6.6060  4.5790  3.7500
200.750  8.5540  7.2830  6.6250  4.5920  3.7540
203.500  8.5770  7.3050  6.6460  4.6070  3.7590
206.250  8.6000  7.3260  6.6660  4.6210  3.7620
209.000  8.6230  7.3490  6.6870  4.6350  3.7650
211.750  8.6460  7.3700  6.7080  4.6480  3.7670
214.500  8.6690  7.3930  6.7280  4.6620  3.7700
217.250  8.6810  7.4040  6.7400  4.6690  3.7780
220.000  8.6930  7.4170  6.7530  4.6770  3.7860
222.750  8.7050  7.4280  6.7640  4.6840  3.7940
225.500  8.7170  7.4410  6.7760  4.6910  3.8020
228.250  8.7280  7.4520  6.7870  4.6970  3.8080
231.000  8.7400  7.4640  6.7990  4.7040  3.8160
233.750  8.7510  7.4740  6.8100  4.7100  3.8220
236.500  8.7620  7.4860  6.8220  4.7170  3.8290
239.250  8.7730  7.4960  6.8320  4.7220  3.8340
242.000  8.7840  7.5070  6.8430  4.7280  3.8400
244.750  8.7930  7.5170  6.8530  4.7320  3.8450
244.750  8.7930  7.5170  6.8530  4.7320  3.8450
244.750  8.7930  7.5170  6.8530  4.7320  3.8450
244.750  8.7930  7.5170  6.8530  4.7320  3.8450
244.750  8.7930  7.5170  6.8530  4.7320  3.8450
244.750  8.7930  7.5170  6.8530  4.7320  3.8450
