#1 observer-frame phase [day]
#2 SC B mag (AB)
#3 SC V mag (AB)
#4 SC R mag (AB)
#5 SC i mag (AB)
#6 SC z mag (AB)
-200.000 30.0000 30.0000 30.0000 30.0000 30.0000
-57.000 30.0000 30.0000 30.0000 30.0000 30.0000
-54.150 43.4020 42.6530 40.9970 38.6540 35.6300
-51.300 38.7770 37.3390 35.5740 33.6520 32.1280
-48.450 37.6300 36.1900 34.4250 32.5040 30.9860
-45.600 36.8850 35.4450 33.6790 31.7590 30.2430
-42.750 36.3320 34.8920 33.1270 31.2060 29.6920
-39.900 34.4070 33.4090 32.3550 30.6710 29.2460
-37.050 33.7190 32.7660 31.8750 30.2760 28.8810
-34.200 33.2730 32.3360 31.5090 29.9500 28.5700
-31.350 32.9060 31.9710 31.2110 29.6770 28.3150
-28.500 32.5770 31.6360 30.9660 29.4500 28.1150
-25.650 32.3080 31.3620 30.7450 29.2410 27.9230
-22.800 32.1040 31.1570 30.6170 29.1130 27.7570
-19.950 31.9590 31.0100 30.5860 29.0730 27.6220
-17.100 31.8240 30.8750 30.3970 28.9400 27.4750
-14.250 31.7070 30.7590 30.1160 28.7500 27.3290
-11.400 31.6900 30.7450 30.0150 28.6680 27.2720
 -8.550 31.7800 30.8400 30.0930 28.6920 27.3060
 -5.700 31.8980 30.9690 30.2490 28.7660 27.3780
 -2.850 32.0490 31.1330 30.5190 28.8950 27.4890
  0.000 32.1460 31.2380 30.6760 28.9580 27.5760
  2.850 32.1750 31.2630 30.6640 28.9350 27.6360
  5.700 32.2740 31.3620 30.7240 28.9940 27.7410
  8.550 32.4810 31.5760 30.8920 29.1770 27.9090
 11.400 32.6850 31.7770 31.0540 29.3510 28.0580
 14.250 32.8960 31.9700 31.2160 29.5220 28.1930
 17.100 33.0910 32.1570 31.3810 29.6640 28.3250
 19.950 33.2740 32.3420 31.5520 29.7850 28.4550
 22.800 33.4560 32.5210 31.7220 29.8940 28.5760
 25.650 33.6080 32.6550 31.8650 29.9680 28.6650
 28.500 33.7680 32.7950 31.9990 30.0750 28.7980
 31.350 33.9310 32.9350 32.1110 30.2240 28.9920
 34.200 34.0940 33.0890 32.2530 30.3940 29.1810
 37.050 34.2540 33.2570 32.4290 30.5890 29.3570
 39.900 34.4280 33.4410 32.6260 30.8130 29.5510
 42.750 34.5740 33.5880 32.7780 31.0140 29.7270
 45.600 34.7080 33.7160 32.9100 31.2130 29.8990
 48.450 34.8380 33.8300 33.0340 31.4090 30.0760
 51.300 34.9630 33.9200 33.1460 31.5730 30.2570
 54.150 35.0810 33.9970 33.2490 31.7390 30.4450
 57.000 35.1760 34.0770 33.3470 31.8880 30.6120
 59.850 35.2440 34.1750 33.4510 32.0070 30.7380
 62.700 35.2880 34.2540 33.5360 32.1110 30.8490
 65.550 35.3150 34.3130 33.5980 32.2030 30.9470
 68.400 35.3980 34.3730 33.6190 32.3130 31.0610
 71.250 35.4610 34.4100 33.6160 32.4100 31.1600
 74.100 35.5050 34.4240 33.5870 32.4920 31.2450
 76.950 35.5570 34.4470 33.5860 32.5290 31.2970
 79.800 35.6570 34.5230 33.6760 32.4980 31.3020
 82.650 35.7540 34.5930 33.7610 32.4610 31.2990
 85.500 35.8500 34.6580 33.8430 32.4190 31.2890
 88.350 35.9350 34.7150 33.9190 32.3850 31.2830
 91.200 35.9710 34.7480 33.9750 32.4070 31.3310
 94.050 36.0000 34.7750 34.0260 32.4220 31.3720
 96.900 36.0200 34.7930 34.0700 32.4270 31.4030
 99.750 36.0330 34.8030 34.1090 32.4250 31.4290
102.600 36.0260 34.8100 34.1500 32.4550 31.4770
105.450 36.0120 34.8140 34.1910 32.4950 31.5320
108.300 35.9950 34.8150 34.2280 32.5320 31.5860
111.150 35.9770 34.8140 34.2650 32.5680 31.6390
114.000 35.9390 34.7950 34.2520 32.5980 31.6760
116.850 35.8940 34.7700 34.2190 32.6280 31.7080
119.700 35.8490 34.7430 34.1870 32.6590 31.7410
122.550 35.8060 34.7180 34.1550 32.6920 31.7780
125.400 35.7640 34.6920 34.1230 32.7250 31.8160
128.250 35.7390 34.6790 34.1050 32.7520 31.8500
131.100 35.7830 34.7130 34.1400 32.7430 31.8500
133.950 35.8290 34.7480 34.1780 32.7340 31.8510
136.800 35.8760 34.7850 34.2160 32.7250 31.8530
139.650 35.9250 34.8210 34.2540 32.7150 31.8520
142.500 35.9760 34.8590 34.2940 32.7060 31.8510
145.350 36.0290 34.8970 34.3340 32.6940 31.8490
148.200 36.0860 34.9370 34.3770 32.6840 31.8470
151.050 36.1440 34.9800 34.4210 32.6770 31.8490
153.900 36.2080 35.0360 34.4680 32.7100 31.8820
156.750 36.2750 35.0930 34.5160 32.7420 31.9140
159.600 36.3460 35.1530 34.5670 32.7760 31.9490
162.450 36.4190 35.2150 34.6180 32.8090 31.9830
165.300 36.4990 35.2820 34.6720 32.8440 32.0190
168.150 36.5820 35.3500 34.7280 32.8790 32.0550
171.000 36.6720 35.4240 34.7860 32.9150 32.0930
173.850 36.7680 35.5010 34.8470 32.9510 32.1300
176.700 36.7940 35.5250 34.8690 32.9710 32.1370
179.550 36.8150 35.5450 34.8890 32.9880 32.1410
182.400 36.8370 35.5670 34.9100 33.0060 32.1450
185.250 36.8590 35.5880 34.9290 33.0240 32.1490
188.100 36.8810 35.6090 34.9500 33.0420 32.1520
190.950 36.9030 35.6300 34.9700 33.0590 32.1540
193.800 36.9260 35.6520 34.9910 33.0770 32.1570
196.650 36.9480 35.6740 35.0120 33.0940 32.1590
199.500 36.9710 35.6960 35.0330 33.1120 32.1610
202.350 36.9930 35.7180 35.0530 33.1290 32.1610
205.200 37.0170 35.7400 35.0750 33.1470 32.1620
208.050 37.0400 35.7620 35.0950 33.1640 32.1620
210.900 37.0630 35.7850 35.1160 33.1820 32.1620
213.750 37.0750 35.7960 35.1280 33.1930 32.1640
216.600 37.0880 35.8090 35.1410 33.2040 32.1660
219.450 37.0990 35.8200 35.1520 33.2140 32.1680
222.300 37.1110 35.8330 35.1650 33.2250 32.1700
225.150 37.1220 35.8440 35.1760 33.2350 32.1700
228.000 37.1340 35.8560 35.1880 33.2460 32.1720
230.850 37.1450 35.8660 35.1980 33.2550 32.1720
233.700 37.1570 35.8780 35.2100 33.2650 32.1730
236.550 37.1670 35.8880 35.2200 33.2740 32.1720
239.400 37.1780 35.8990 35.2310 33.2840 32.1720
242.250 37.1880 35.9090 35.2410 33.2920 32.1710
242.250 37.1880 35.9090 35.2410 33.2920 32.1710
242.250 37.1880 35.9090 35.2410 33.2920 32.1710
242.250 37.1880 35.9090 35.2410 33.2920 32.1710
242.250 37.1880 35.9090 35.2410 33.2920 32.1710
31179.000 30.0000 30.0000 30.0000 30.0000 30.0000
