0.010 -10.251 22.897
0.015 -11.139 22.897
0.020 -11.771 22.897
0.025 -12.263 22.897
0.030 -12.667 22.897
0.035 -13.010 22.897
0.040 -13.308 22.897
0.045 -13.572 22.897
0.050 -13.808 22.897
0.055 -14.023 22.897
0.060 -14.220 22.897
0.065 -14.401 22.897
0.070 -14.570 22.897
0.075 -14.727 22.897
0.080 -14.875 22.897
0.085 -15.014 22.897
0.090 -15.145 22.897
0.095 -15.270 22.897
0.100 -15.389 22.897
0.105 -15.502 22.897
0.110 -15.610 22.897
0.115 -15.714 22.897
0.120 -15.813 22.897
0.125 -15.909 22.897
0.130 -16.001 22.897
0.135 -16.090 22.897
0.140 -16.176 22.897
0.145 -16.259 22.897
0.150 -16.339 22.897
0.155 -16.417 22.897
0.160 -16.493 22.897
0.165 -16.567 22.897
0.170 -16.638 22.897
0.175 -16.708 22.897
0.180 -16.775 22.897
0.185 -16.841 22.897
0.190 -16.906 22.897
0.195 -16.969 22.897
0.200 -17.030 22.897
0.205 -17.090 22.897
0.210 -17.148 22.897
0.215 -17.206 22.897
0.220 -17.262 22.897
0.225 -17.317 22.897
0.230 -17.371 22.897
0.235 -17.423 22.897
0.240 -17.475 22.897
0.245 -17.526 22.897
0.250 -17.576 22.897
0.255 -17.625 22.897
0.260 -17.673 22.897
0.265 -17.720 22.897
0.270 -17.766 22.897
0.275 -17.812 22.897
0.280 -17.856 22.897
0.285 -17.900 22.897
0.290 -17.944 22.897
0.295 -17.986 22.897
0.300 -18.029 22.897
0.305 -18.070 22.897
0.310 -18.111 22.897
0.315 -18.151 22.897
0.320 -18.190 22.897
0.325 -18.229 22.897
0.330 -18.268 22.897
0.335 -18.306 22.897
0.340 -18.343 22.897
0.345 -18.380 22.897
0.350 -18.417 22.897
0.355 -18.453 22.897
0.360 -18.488 22.897
0.365 -18.523 22.897
0.370 -18.558 22.897
0.375 -18.592 22.897
0.380 -18.626 22.897
0.385 -18.659 22.897
0.390 -18.692 22.897
0.395 -18.725 22.897
0.400 -18.757 22.897
