SN1472  0.014 -15.987 17.897  0.011
SN1472  0.014 -15.987 17.897  0.011
SN1472  0.014 -15.987 17.897  0.011
SN1472  0.014 -15.987 17.897  0.011
SN1472  0.014 -15.987 17.897  0.011
SN10367 0.016 -16.240 17.937  0.010
SN10367 0.016 -16.240 17.937  0.010
SN10367 0.016 -16.240 17.937  0.010
SN18596 0.025 -17.403 17.757  0.009
SN1114  0.026 -17.810 17.437  0.015
SN15031 0.031 -17.040 18.597  0.016
SN17244 0.034 -15.645 20.197  0.036
SN17244 0.034 -15.645 20.197  0.036
SN17244 0.034 -15.645 20.197  0.036
SN17244 0.034 -15.645 20.197  0.036
SN17244 0.034 -15.645 20.197  0.036
SN17244 0.034 -15.645 20.197  0.036
SN17244 0.034 -15.645 20.197  0.036
SN17244 0.034 -15.645 20.197  0.036
SN18    0.038 -18.814 17.277  0.017
SN18408 0.040 -16.828 19.377  0.017
SN12820 0.045 -17.352 19.117  0.027
SN14599 0.050 -17.668 19.037  0.020
SN3818  0.051 -16.853 19.897  0.026
SN3818  0.051 -16.853 19.897  0.026
SN16087 0.055 -16.643 20.277  0.081
SN16087 0.055 -16.643 20.277  0.081
SN18700 0.055 -16.703 20.217  0.033
SN18700 0.055 -16.703 20.217  0.033
SN15320 0.056 -17.244 19.717  0.020
SN17531 0.057 -16.464 20.537  0.061
SN17531 0.057 -16.464 20.537  0.061
SN17531 0.057 -16.464 20.537  0.061
SN18590 0.057 -16.704 20.297  0.034
SN18590 0.057 -16.704 20.297  0.034
SN18734 0.057 -16.584 20.417  0.031
SN18734 0.057 -16.584 20.417  0.031
SN12    0.058 -17.643 19.397  0.061
SN18441 0.058 -18.483 18.557  0.018
SN13355 0.060 -17.130 19.987  0.024
SN17204 0.062 -17.294 19.897  0.053
SN24    0.065 -16.841 20.457  0.052
SN12782 0.068 -17.524 19.877  0.031
SN18109 0.068 -17.584 19.817  0.022
SN13376 0.070 -17.210 20.257  0.024
SN17627 0.070 -16.390 21.077  0.040
SN17627 0.070 -16.390 21.077  0.040
SN17627 0.070 -16.390 21.077  0.040
SN18297 0.074 -17.086 20.507  0.034
SN16857 0.075 -17.547 20.077  0.025
SN13449 0.076 -17.877 19.777  0.018
SN16192 0.079 -18.286 19.457  0.022
SN21064 0.079 -17.726 20.017  0.023
SN18457 0.081 -17.883 19.917  0.025
SN10907 0.085 -17.594 20.317  0.043
SN12842 0.088 -18.533 19.457  0.017
SN18713 0.088 -16.953 21.037  0.042
SN18713 0.088 -16.953 21.037  0.042
SN17200 0.090 -16.785 21.257  0.080
SN17200 0.090 -16.785 21.257  0.080
SN21362 0.090 -18.145 19.897  0.032
SN17386 0.091 -18.331 19.737  0.029
SN111   0.093 -17.861 20.257  0.030
SN20838 0.095 -17.890 20.277  0.024
SN18709 0.098 -17.629 20.657  0.034
SN18709 0.100 -17.629 20.657  0.034
SN20038 0.119 -18.814 19.877  0.037
SN14450 0.120 -17.993 20.717  0.039
SN18299 0.120 -17.009 21.797  0.082
SN15339 0.125 -18.213 20.497  0.031
SN18834 0.140 -17.776 21.297  0.045
SN17862 0.144 -17.923 21.217  0.100
SN18892 0.144 -17.463 21.677  0.061
SN2366  0.149 -17.624 21.597  0.058
SN16668 0.150 -18.789 20.447  0.023
SN10297 0.153 -18.247 21.037  0.123
SN12991 0.155 -17.957 21.357  0.080
SN19222 0.161 -17.508 21.897  0.096
SN16840 0.166 -18.741 20.737  0.055
