IAUC_ID	SDSS_ID	U_mag_app	U_mag	U_sf	B_mag_app	B_mag	B_sf	V_mag_app	V_mag	V_sf	R_mag_app	R_mag	R_sf	I_mag_app	I_mag	I_sf	chi_square	redshift	lumi_dis	B_max_day
none	SN1461	21.54	-19.51	1.011	21.81	-19.24	1.089	0	0	0	0	0	0	0	0	0	0.832	0.341	41.0506	53625.6
none	SN1525	0	0	0	19.871	-18.524	1.727	19.981	-18.414	1.655	19.716	-18.679	1.718	0	0	0	1.598	0.108	38.3965	53632
none	SN1740	19.812	-19.575	0.909	20.395	-18.992	0.876	20.54	-18.847	0.948	0	0	0	0	0	0	1.41	0.167	39.3881	53628.5
SN2005ed		17.082	-20.816	0.467	19.102	-18.796	1.059	18.746	-19.153	0.907	18.852	-19.046	0.812	19.24	-18.658	1.018	1.024	0.0866	37.8996	53611.7
SN2005ef		0	0	0	19.309	-19.081	0.834	19.393	-18.997	0.888	19.465	-18.924	0.817	20.016	-18.374	1.433	0.74	0.1077	38.3903	53610.4
SN2005eg		20.087	-19.609	1.21	20.47	-19.226	0.974	20.831	-18.865	1.227	20.668	-19.028	1.489	0	0	0	0.917	0.191	39.6969	53622.1
SN2005ei		0	0	0	19.711	-19.033	1.189	19.7	-19.045	1.182	19.748	-18.996	1.159	19.819	-18.926	1.065	0.557	0.126	38.7455	53609.1
SN2005ex		0	0	0	19.019	-19.051	1.029	18.992	-19.078	1.044	18.904	-19.167	0.829	19.069	-19.002	1.161	2.114	0.0935	38.0717	53610.5
SN2005ey		18.814	-20.002	0.747	19.647	-19.169	1.189	19.774	-19.042	1.079	19.885	-18.93	1.019	20.227	-18.588	1.127	2.248	0.13	38.8165	53632.4
SN2005ez		0	0	0	20.348	-18.467	0.695	20.381	-18.434	0.818	20.159	-18.656	0.725	20.256	-18.56	0.995	1.005	0.13	38.8165	53622.9
SN2005fa		19.71	-19.6	0.945	20.125	-19.185	1.018	20.11	-19.201	0.989	20.01	-19.301	1.091	0	0	0	1.148	0.1615	39.3113	53639.9
SN2005fb		19.722	-19.595	1.132	20.208	-19.109	1.106	20.327	-18.99	1.106	20.215	-19.102	1.308	0	0	0	0.707	0.162	39.3184	53632.3
SN2005fd		20.659	-19.717	1.033	21.302	-19.073	0.968	21.458	-18.917	1.049	20.913	-19.463	1.4	0	0	0	0.675	0.256	40.3766	53631.8
SN2005fe		20.307	-19.608	1.31	20.785	-19.13	1.099	21.112	-18.803	1.258	20.497	-19.418	0.5	0	0	0	0.29	0.21	39.916	53614.3
SN2005ff		19.204	-18.282	1.648	19.096	-18.389	0.956	18.986	-18.499	0.964	19.116	-18.369	0.981	19.091	-18.394	0.985	0.796	0.072	37.4861	53633.6
SN2005fj		0	0	0	20.087	-18.585	1.25	20.178	-18.493	1.237	20.185	-18.486	1.1	20.457	-18.215	1.065	0.886	0.122	38.6723	53620.1
SN2005fm		19.243	-19.625	1.285	19.677	-19.191	1.057	19.901	-18.966	1.044	19.999	-18.868	0.98	20.127	-18.74	1.087	0.731	0.133	38.8683	53636.1
SN2005fn		18.261	-19.855	1.047	18.667	-19.449	1.099	18.851	-19.265	1.158	19.007	-19.109	1.049	19.139	-18.977	1.201	0.916	0.0954	38.117	53619.8
SN2005fo		20.678	-19.761	1.237	21.219	-19.219	1.076	21.283	-19.155	1.253	20.776	-19.663	1.327	0	0	0	0.73	-8.8	0.263	0.263	40.4397	40	53634.2	0.480753	-0.417048	-0.565421	-0.415379	0
SN2005fs		21.212	-19.76	1.158	21.7	-19.272	1.161	21.274	-19.698	1.101	0	0	0	0	0	0	0.628	0.33	40.9731	53640.3
SN2005ft		22.289	-17	1.328	21.408	-17.881	0.886	21.215	-18.074	1.02	20.457	-18.832	1.372	0	0	0	1.036	0.16	39.2899	53656.2
SN2005fu		20.095	-19.707	1.312	20.573	-19.229	1.054	20.733	-19.069	1.192	20.573	-19.23	1.249	0	0	0	0.816	0.2	39.8032	53633.6
SN2005fv		19.605	-18.995	0.827	19.803	-18.796	0.949	19.776	-18.823	0.995	19.814	-18.786	0.98	19.871	-18.729	1.27	0.717	0.1182	38.6006	53636.9
SN2005fy		19.247	-20.497	0.961	19.355	-20.389	1.011	19.39	-20.353	0.994	19.422	-20.322	4.602	0	0	0	1.359	0.195	39.7447	53631.9
SN2005fz		0	0	0	20.187	-18.525	0.981	19.791	-18.921	0.858	19.928	-18.783	0.892	20.142	-18.569	0.915	0.769	0.1242	38.7129	53641.9
SN2005gb		18.53	-19.369	1.094	18.718	-19.181	0.98	18.777	-19.121	1.019	18.838	-19.061	0.953	19.132	-18.766	1.122	1.452	0.0866	37.8996	53643.1
SN2005gc		19.677	-19.751	1.114	20.259	-19.169	1.068	20.275	-19.153	0.962	20.447	-18.98	1.004	0	0	0	1.223	0.17	39.4289	53646.5
SN2005gd		19.717	-19.606	1.061	20.307	-19.016	0.984	20.221	-19.102	0.938	20.34	-18.983	0.869	0	0	0	0.811	0.1624	39.324	53644
SN2005ge		21.848	-17.836	0.918	21.452	-18.232	0.868	21.556	-18.128	1.391	20.889	-18.795	1.568	0	0	0	1.087	0.19	39.6848	53658
SN2005gh		20.284	-20.118	0.867	20.919	-19.483	0.763	21.204	-19.198	0.723	20.582	-19.82	1.791	0	0	0	1.281	0.2589	40.4029	53645.3
SN2005go		20.902	-19.509	1.239	21.298	-19.114	1.066	21.287	-19.125	1.074	0	0	0	0	0	0	0.575	0.26	40.4128	53639
SN2005gr		20.197	-20.028	1.2	20.82	-19.405	1.124	20.843	-19.382	1.035	20.943	-19.282	0.852	0	0	0	0.46	0.24	40.2261	53645.3
SN2005gs		21.109	-19.391	0.996	21.317	-19.184	0.91	21.569	-18.931	0.871	21.042	-19.458	1.361	0	0	0	1.131	0.27	40.5011	53647.7
SN2005gw		20.976	-19.609	1.229	21.359	-19.226	0.925	21.434	-19.151	0.908	21.349	-19.236	1.995	0	0	0	0.613	0.28	40.5863	53643.2
SN2005gx		20.715	-18.1	2	20.367	-18.448	0.853	20.303	-18.512	0.898	20.287	-18.528	0.876	20.552	-18.263	1.037	0.663	0.13	38.8165	53652.6
SN2005gy		21.427	-19.545	1.008	22.234	-18.738	1.842	21.143	-19.829	0.946	0	0	0	0	0	0	0.946	0.33	40.9731	53658.4
SN2005hj		17.227	-19.777	1.245	17.721	-19.282	1.169	17.71	-19.293	1.123	17.883	-19.12	1.009	18.016	-18.988	1.484	1.332	0.058	37.0045	53681.5
SN2005hn		0	0	0	19.465	-19.013	0.983	19.575	-18.903	1.022	19.521	-18.957	1.022	19.663	-18.815	1.17	0.778	0.112	38.4787	53649.9
SN2005ho		17.84	-19.34	1.158	17.968	-19.212	1.054	17.963	-19.218	1.088	17.961	-19.219	1.013	18.111	-19.069	1.042	1.95	0.0628	37.1813	53657.8
SN2005hp		-9.414	-48.909	1	-9.415	-48.911	1	-9.905	-49.4	-3.731	0	0	0	0	0	0	0.676	0.175	39.4955	53656.2
SN2005hr		19.263	-19.295	1.25	19.422	-19.135	1.194	19.441	-19.117	1.16	19.566	-18.991	1.117	19.674	-18.883	0.942	0.933	0.116	38.5581	53665
SN2005ht		19.997	-19.699	1.16	20.379	-19.317	1.074	20.674	-19.022	1.138	0	0	0	0	0	0	0.443	0.191	39.6969	53664.1
SN2005hv		20.358	-19.07	1.076	20.795	-18.633	1.056	20.726	-18.702	0.92	20.6	-18.828	1.489	0	0	0	0.425	0.17	39.4289	53660.9
SN2005hx		19.483	-19.113	0.838	19.578	-19.018	1.005	19.646	-18.95	1.078	19.671	-18.924	1.021	19.944	-18.652	1.075	0.832	0.118	38.5968	53664.6
SN2005hy		19.877	-18.938	1.902	19.767	-19.048	1.231	19.899	-18.917	1.199	19.944	-18.871	1.316	20.1	-18.715	0.928	0.619	0.13	38.8165	53677.3
SN2005id		19.702	-19.981	1.179	20.272	-19.411	1.002	20.511	-19.173	1.172	20.516	-19.168	1.861	0	0	0	0.679	0.19	39.6848	53665.8
SN2005ik		21.259	-19.457	1.305	21.896	-18.82	0.996	21.983	-18.732	1.041	21.307	-19.409	1.893	0	0	0	0.391	0.296	40.7168	53673.1
SN2005il		20.212	-19.585	0.967	20.949	-18.848	1.112	20.98	-18.817	1.234	0	0	0	0	0	0	0.955	0.1995	39.7974	53621.1
SN2005im		0	0	0	22.648	-15.967	0.725	22.028	-16.587	1.152	21.517	-17.098	1.956	0	0	0	1.751	0.119	38.6159	53658.9
SN2005is		19.922	-19.563	0.974	20.307	-19.178	0.851	20.393	-19.092	0.784	20.192	-19.293	1.139	0	0	0	0.775	0.1743	39.4863	53661.5
SN2005iu		18.202	-19.793	1.397	18.544	-19.451	1.04	18.759	-19.236	1.062	18.913	-19.082	0.969	19.091	-18.904	1.363	2.178	0.0904	37.996	53677.8
SN2005iw		21.717	-18.818	1.374	21.891	-18.643	1.447	22.032	-18.503	1.998	0	0	0	0	0	0	0.793	0.274	40.5356	53672.9
SN2005ix		20.234	-20.133	1.086	20.925	-19.441	0.995	21.152	-19.214	0.964	20.975	-19.392	1.511	0	0	0	0.474	0.255	40.3675	53673.8
SN2005iz		20.434	-19.38	0.919	20.859	-18.954	0.909	20.951	-18.863	0.916	0	0	0	0	0	0	0.549	0.201	39.8147	53662.2
SN2005jc		20.243	-19.716	1.062	20.817	-19.142	1.093	20.892	-19.067	0.982	21.086	-18.873	1.908	0	0	0	0.398	0.214	39.9597	53678.7
SN2005jd		21.056	-19.843	1.167	21.564	-19.335	0.887	21.395	-19.505	0.802	0	0	0	0	0	0	0.853	0.32	40.9004	53672.7
SN2005jf		20.856	-19.899	1.789	21.291	-19.464	1.26	21.1	-19.655	0.734	0	0	0	0	0	0	1.008	0.301	40.7562	53676.4
SN2005jg		21.458	-19.305	1.126	21.928	-18.835	0.956	0	0	0	0	0	0	0	0	0	0.84	0.302	40.764	53672.8
SN2005jg		21.458	-19.305	1.126	21.928	-18.835	0.956	0	0	0	0	0	0	0	0	0	0.84	0.302	40.764	53672.8
SN2005jh		18.922	-19.535	1.175	19.518	-18.939	0.827	19.462	-18.996	0.813	19.547	-18.91	0.903	19.789	-18.669	0.939	1.717	0.111	38.4584	53668.7
SN2005ji		20.28	-19.69	1.035	20.945	-19.025	1.084	21.044	-18.925	1.168	20.947	-19.023	1.053	0	0	0	1.057	0.215	39.9705	53682.3
SN2005jk		20.428	-18.832	1.015	20.711	-18.549	0.971	20.737	-18.524	0.955	20.497	-18.763	0.749	0	0	0	0.782	0.158	39.2611	53669.7
SN2005jl		19.982	-19.577	1.013	20.614	-18.946	1.012	20.599	-18.96	0.749	20.488	-19.071	1.373	0	0	0	0.675	0.18	39.5603	53678.3
SN2005jm		20.155	-19.693	1.145	20.769	-19.079	1.204	20.817	-19.031	0.982	20.756	-19.092	0.918	0	0	0	0.223	0.204	39.8489	53696.5
SN2005jp		20.751	-19.197	0.965	21.143	-18.804	0.866	21.173	-18.775	1	0	0	0	0	0	0	1.521	0.213	39.9489	53676.2
SN2005ju		21.121	-19.281	1.033	21.637	-18.765	1.071	21.722	-18.681	1.356	0	0	0	0	0	0	0.679	0.259	40.4038	53680.8
SN2005jy		21.146	-19.354	0.926	21.575	-18.925	0.963	21.769	-18.731	1.115	21.125	-19.376	1.1	0	0	0	0.567	0.27	40.5011	53668.7
SN2005jz		20.927	-19.393	0.976	21.294	-19.026	0.83	21.425	-18.895	0.975	21.183	-19.137	1.94	0	0	0	0.698	0.25	40.3212	53659
SN2005kn		20.852	-18.832	1.857	21.164	-18.52	1.363	21.069	-18.614	1.302	20.787	-18.897	1.049	0	0	0	1.66	0.19	39.6848	53683.6
SN2005ko		20.584	-19.051	0.999	20.915	-18.72	0.93	20.853	-18.782	0.939	20.811	-18.823	0.587	0	0	0	1.332	0.186	39.6357	53681.1
SN2005kp		19.43	-19.154	1.365	19.299	-19.286	0.984	19.504	-19.08	1.108	19.626	-18.958	1.06	19.795	-18.789	0.971	0.64	0.1174	38.5853	53688.5
none	SN2746	20.546	-18.067	0.925	21.244	-17.369	1.265	21.122	-17.491	1.974	20.686	-17.927	1.919	20.416	-18.197	1.683	2.028	0.1189	38.614	53649.5
none	SN2766	19.466	-19.675	0.998	19.98	-19.162	0.985	20.029	-19.112	0.763	0	0	0	0	0	0	1.89	0.15	39.1423	53617.9
none	SN2928	20.021	-19.105	0.869	20.621	-18.505	1.002	20.513	-18.613	0.946	0	0	0	0	0	0	1.554	0.149	39.1271	53644.4
none	SN4019	20.443	-19.134	1.017	20.816	-18.761	1.032	20.842	-18.735	1.11	0	0	0	0	0	0	1.34	0.1814	39.5781	53652.3
none	SN4064	19.728	-19.511	0.975	20.26	-18.978	0.942	20.417	-18.821	1.015	0	0	0	0	0	0	2.653	0.1565	39.2393	53642.6
none	SN694	0	0	0	20.214	-18.557	0.982	19.988	-18.784	1.076	19.862	-18.909	0.939	0	0	0	1.007	0.1275	38.7724	53622.4
none	SN779	20.786	-19.42	1.055	21.099	-19.107	1.061	21.155	-19.051	0.991	0	0	0	0	0	0	0.476	0.238	40.2066	53625.7
SN2005gp		19.866	-18.89	0.534	19.979	-18.776	0.87	19.919	-18.836	0.973	19.883	-18.872	0.862	20.314	-18.441	0.96	0.501	0.1266	38.7563	53637.9
SN2005fp		21.299	-18.616	0.931	21.611	-18.304	0.886	21.669	-18.246	1.033	20.62	-19.295	1.281	0	0	0	0.281	0.21	39.916	53633.2
SN2005fx		20.832	-19.836	0.751	21.578	-19.089	0.922	21.804	-18.864	1.168	0	0	0	0	0	0	0.773	0.29	40.6687	53632.4
SN2005ga		19.621	-19.595	1.031	20.216	-19	0.961	20.371	-18.846	0.931	20.707	-18.509	1.201	0	0	0	1.959	0.155	39.2173	53644.4
SN2005if		18.509	-18.819	0.989	18.523	-18.805	0.962	18.479	-18.849	1.04	18.408	-18.92	0.872	18.684	-18.643	0.901	1.193	0.0671	37.3288	53660.3
SN2005hs		20.601	-20.147	1.326	21.403	-19.344	0.967	0	0	0	0	0	0	0	0	0	1.104	0.3	40.7484	53655.9
SN2005ig		21.06	-19.533	0.89	21.558	-19.036	0.977	21.639	-18.955	0.799	21.024	-19.57	0.784	0	0	0	0.585	0.281	40.5947	53666.4
SN2005hc		17.034	-19.451	0.969	17.274	-19.211	1	17.322	-19.163	1.023	17.508	-18.977	1.023	17.605	-18.88	0.994	4.096	0.0459	36.4857	53668.1
SN2005ij		19.527	-19.192	0.898	19.561	-19.158	1	19.58	-19.139	1.061	19.734	-18.986	1.049	19.85	-18.869	1.118	1.244	0.1246	38.7202	53673.6
SN2005ia		20.814	-19.506	1.262	21.232	-19.088	1.025	21.553	-18.767	1.347	21.093	-19.227	1.681	0	0	0	0.395	0.25	40.3212	53661.7
SN2005hu		20.641	-19.382	1.033	21.05	-18.973	1.043	21.215	-18.808	1.216	0	0	0	0	0	0	0.7	0.22	40.0238	53666.2
SN2005gf		20.347	-19.878	1.141	20.923	-19.302	1.047	20.919	-19.306	0.999	21.021	-19.204	1.935	0	0	0	0.723	0.24	40.2261	53643
SN2005ii		21.387	-19.321	1.721	21.78	-18.928	1.052	21.828	-18.88	1.089	21.296	-19.412	1.969	0	0	0	0.695	0.295	40.7088	53674.6
SN2005lg		21.49	-19.628	1.264	22.057	-19.061	1.053	0	0	0	0	0	0	0	0	0	1.144	0.351	41.119	53683.5
SN2005fw		19.206	-20.011	1.182	19.725	-19.491	1.065	20.001	-19.215	1.034	19.949	-19.268	1.115	0	0	0	0.781	0.155	39.2173	53638.8
SN2005ie		21.026	-19.559	1.088	21.437	-19.148	1.07	21.727	-18.858	1.12	0	0	0	0	0	0	0.844	0.28	40.5863	53665.3
SN2005fi		20.546	-19.911	1.286	21.224	-19.233	1.083	21.392	-19.064	1.038	0	0	0	0	0	0	0.479	0.265	40.4574	53638.4
SN2005hz		20.3	-18.533	0.84	20.099	-18.734	1.083	19.917	-18.916	1.099	19.946	-18.887	1.138	20.053	-18.78	1.107	0.778	0.131	38.8339	53666.9
none	SN1166	21.588	-19.731	1.262	21.817	-19.502	1.113	0	0	0	0	0	0	0	0	0	0.433	0.382	41.3199	53628.5
SN2005fr		21.106	-19.521	1.193	21.593	-19.033	1.143	21.762	-18.864	1.028	21.31	-19.317	1.612	0	0	0	0.593	0.285	40.6278	53634.3
SN2005ih		21.025	-19.387	1.12	21.44	-18.972	1.144	21.464	-18.947	1.162	0	0	0	0	0	0	0.593	0.26	40.4128	53674.4
SN2005gg		20.201	-19.925	1.146	20.804	-19.322	1.172	20.958	-19.168	0.971	20.687	-19.439	0.877	0	0	0	0.511	0.23	40.1271	53649.3
SN2005fr		21.057	-19.569	1.36	21.599	-19.028	1.258	21.81	-18.817	1.19	21.261	-19.366	1.113	0	0	0	0.595	0.285	40.6278	53631.2
SN2005ic		20.967	-19.858	1.038	21.547	-19.277	1.395	0	0	0	0	0	0	0	0	0	0.591	0.31	40.8256	53667.2
