SN8151	SN2005hk	15.579	-18.167	0.085	0.868	0.042	15.762	-17.904	0.018	0.726	0.017	0	0	0	0	0	15.578	-18.168	0.007	1.18	0.021	15.26	-18.486	0.016	0.722	0.05	
SN12897	SN2006eb	16.281	-18.034	0.224	1.117	0.245	16.312	-18.003	0.012	1.017	0.014	0	0	0	0	0	17.03	-17.285	0.052	0.978	0.02	17.324	-16.991	0.129	1.071	0.054
SN16280	SN2006nz	18.537	-17.543	0.041	0.934	0.05	18.052	-17.978	0.009	0.732	0.016	0	0	0	0	0	17.797	-18.283	0.006	0.755	0.013	17.817	-18.263	0.012	0.659	0.016
SN10805	SN2005ku	17.302	-19.151	0.027	0.937	0.034	17.506	-18.947	0.006	0.96	0.02	0	0	0	0	0	17.465	-18.989	0.006	1.113	0.04	17.633	-18.821	0.011	0.842	0.018
SN14279	SN2006hx	17.324	-19.13	0.019	0.994	0.012	17.53	-18.924	0.005	0.978	0.008	0	0	0	0	0	17.45	-19.003	0.006	0.998	0.007	17.581	-18.872	0.006	0.992	0.005
SN5944	SN2005hc	16.916	-19.582	0.025	1.1	0.031	17.306	-19.192	0.009	1.099	0.019	0	0	0	0	0	17.338	-19.16	0.005	1.068	0.02	17.661	-18.836	0.011	1.054	0.026
SN16215	SN2006ne	20.081	-16.469	0.109	1.215	0.2	19.502	-17.048	0.01	0.872	0.054	0	0	0	0	0	18.688	-17.861	0.01	0.961	0.047	18.594	-17.956	0.011	1.068	0.053
SN12780	SN2006eq	18.981	-17.706	0.377	1.037	0.2	17.83	-18.857	0.145	0.653	0.034	18.079	-18.608	0.033	0.68	0.015	17.868	-18.819	0.01	0.652	0.007	18.291	-18.396	0.03	0.69	0.019
SN6558	SN2005hj	17.155	-19.823	0.033	0.982	0.076	17.734	-19.244	0.005	1.123	0.044	17.711	-19.267	0.007	1.069	0.041	17.836	-19.142	0.006	1.135	0.055	18.042	-18.936	0.129	0.701	0.443
SN14318	SN2006py	17.615	-19.401	0.076	0.732	0.032	18.118	-18.898	0.031	0.687	0.033	18.067	-18.949	0.052	0.769	0.043	18.07	-18.946	0.023	0.76	0.028	18.348	-18.669	0.09	0.816	0.079
SN16392	SN2006ob	17.694	-19.361	0.016	1.205	0.048	18.17	-18.885	0.006	0.797	0.049	18.218	-18.836	0.017	0.913	0.04	18.167	-18.887	0.01	0.866	0.048	18.436	-18.619	0.037	0.938	0.076
SN4524	SN2005gj	15.393	-21.778	0.106	1.058	0.172	16.508	-20.663	0.103	0.955	0.105	16.666	-20.506	0.023	1.343	0.053	15.966	-21.206	0.072	0.734	0.089	16.482	-20.69	0.037	1.058	0.041
SN16314	SN2006oa	17.263	-19.937	0.024	0.727	0.027	17.92	-19.28	0.016	0.786	0.047	17.944	-19.256	0.018	0.798	0.053	18.022	-19.178	0.01	0.79	0.043	18.295	-18.905	0.027	0.82	0.039
SN3901	SN2005ho	21.808	-15.392	0.735	1.495	0.384	22.103	-15.097	0.073	1.196	0.183	21.589	-15.612	0.12	0.995	0.126	21.129	-16.071	0.102	0.973	0.259	21.093	-16.108	0.185	1.915	0.277
SN10028	SN2005kt	18.066	-19.221	0.046	0.704	0.035	18.34	-18.947	0.01	0.8	0.029	18.302	-18.985	0.011	0.681	0.037	18.295	-18.992	0.017	1.028	0.084	18.75	-18.537	0.096	1.35	0.368
SN6057	SN2005if	18.506	-18.838	0.098	1.098	0.095	18.609	-18.735	0.007	0.968	0.013	18.507	-18.837	0.007	0.995	0.012	18.41	-18.934	0.013	0.929	0.014	18.742	-18.602	0.039	0.989	0.044
SN13467	SN2006hq	21.203	-16.2	0.288	1.28	0.297	21.02	-16.383	0.071	1.901	0.248	20.139	-17.264	0.039	1.685	0.229	19.67	-17.733	0.031	1.971	0.156	19.667	-17.736	0.046	1.67	0.231
SN16333	SN2006on	18.096	-19.402	0.055	1.187	0.262	18.431	-19.067	0.011	0.986	0.021	18.28	-19.218	0.015	1.052	0.035	18.398	-19.1	0.02	1.026	0.044	18.328	-19.171	0.052	0.93	0.105
SN7876	SN2005ir	17.964	-19.654	0.075	1.039	0.087	18.413	-19.206	0.039	1.076	0.031	18.399	-19.22	0.044	1.08	0.067	18.513	-19.106	0.045	1.103	0.054	18.831	-18.788	0.08	1.154	0.093
SN10096	SN2005lj	20.08	-17.588	0.608	0.905	0.308	20.292	-17.376	0.037	1.068	0.083	19.873	-17.796	0.024	1.086	0.082	19.56	-18.109	0.03	1.025	0.083	19.613	-18.055	0.097	1.29	0.241
SN12779	SN2006fd	18.786	-18.891	0.578	1.101	0.274	18.977	-18.7	0.024	1.002	0.019	18.978	-18.699	0.027	1.066	0.028	18.84	-18.837	0.019	0.974	0.02	19.141	-18.536	0.071	1.005	0.047
SN12898	SN2006fw	18.845	-18.971	0.053	1.053	0.071	19.025	-18.792	0.009	1.049	0.012	18.935	-18.881	0.009	1.043	0.013	18.934	-18.882	0.01	1.003	0.012	19.132	-18.684	0.066	0.978	0.089
SN12950	SN2006fy	18.647	-19.169	0.025	0.893	0.035	18.881	-18.935	0.009	0.968	0.014	18.949	-18.867	0.006	1.023	0.007	18.848	-18.968	0.01	0.948	0.011	19.071	-18.745	0.029	1.051	0.043
SN6295	SN2005js	21.163	-16.667	0.51	1.132	0.591	20.745	-17.084	0.068	0.467	0.027	20.152	-17.678	0.03	0.547	0.034	19.749	-18.08	0.034	0.608	0.049	19.796	-18.034	0.101	0.802	0.203
SN12781	SN2006er	19.278	-18.565	0.36	1.15	0.298	19.201	-18.642	0.11	0.719	0.052	19.242	-18.601	0.025	0.788	0.017	19.088	-18.755	0.029	0.741	0.016	19.301	-18.542	0.128	0.817	0.111
SN722	SN2005ed	17.927	-19.966	0.531	0.935	0.35	18.689	-19.204	0.036	0.996	0.02	18.735	-19.159	0.058	0.96	0.031	18.814	-19.08	0.021	1.008	0.018	19.2	-18.693	0.04	1.104	0.045
SN3592	SN2005gb	18.45	-19.454	0.051	1.094	0.132	18.734	-19.17	0.02	0.987	0.021	18.826	-19.078	0.013	1.036	0.016	18.809	-19.094	0.011	0.988	0.016	19.093	-18.811	0.023	1.097	0.049
SN1241	SN2005ff	18.885	-19.065	0.103	1.108	0.314	19.099	-18.851	0.017	0.927	0.038	19.043	-18.907	0.023	1.003	0.03	19.013	-18.938	0.022	1.003	0.024	19.151	-18.799	0.069	0.964	0.041
SN774	SN2005ex	18.679	-19.398	0.206	1.156	0.202	19.007	-19.069	0.026	1.08	0.023	18.981	-19.096	0.025	1.078	0.02	18.936	-19.141	0.022	0.996	0.019	19.166	-18.91	0.049	1.069	0.053
SN6962	SN2005je	18.577	-19.516	0.203	1.436	0.259	19.603	-18.49	0.021	1.184	0.031	19.542	-18.551	0.022	1.281	0.076	19.229	-18.864	0.043	1.027	0.112	19.097	-18.997	0.068	0.882	0.097
SN2102	SN2005fn	18.175	-19.951	0.051	1.232	0.136	18.638	-19.489	0.01	1.11	0.015	18.786	-19.341	0.008	1.119	0.016	18.913	-19.214	0.011	1.08	0.018	19.109	-19.018	0.052	1.166	0.081
SN12778	SN2006fs	19.351	-18.861	0.236	1.15	0.284	19.585	-18.628	0.041	1.16	0.037	19.435	-18.778	0.035	1.138	0.028	19.431	-18.781	0.045	1.104	0.038	19.75	-18.462	0.187	1.236	0.168
SN16619	SN2006ps	18.641	-19.594	0.088	1.099	0.16	19.214	-19.022	0.02	0.98	0.045	19.177	-19.058	0.029	1.019	0.055	19.288	-18.947	0.03	1.012	0.045	19.531	-18.704	0.096	1.184	0.122
SN13038	SN2006gn	18.921	-19.336	0.205	1.205	0.143	19.181	-19.077	0.033	1.096	0.019	19.208	-19.05	0.014	1.146	0.02	19.343	-18.914	0.017	1.131	0.024	19.844	-18.413	0.069	1.185	0.082
SN16185	SN2006ok	19.646	-18.634	0.09	0.835	0.138	19.76	-18.519	0.015	0.693	0.027	19.704	-18.576	0.013	0.813	0.033	19.612	-18.668	0.024	0.969	0.072	19.724	-18.555	0.12	1.091	0.363
SN10434	SN2005lk	18.462	-19.835	0.197	0.898	0.238	19.078	-19.22	0.026	0.93	0.046	19.266	-19.031	0.025	1.03	0.092	19.257	-19.041	0.025	0.988	0.051	19.418	-18.879	0.115	1.067	0.19	
SN13135	SN2006fz	19.013	-19.332	0.045	0.997	0.034	19.441	-18.904	0.019	0.856	0.016	19.477	-18.868	0.013	0.917	0.014	19.554	-18.791	0.016	0.862	0.018	19.764	-18.582	0.052	0.844	0.061
SN14816	SN2006ja	19.109	-19.279	0.056	0.916	0.097	19.386	-19.002	0.012	0.924	0.038	19.386	-19.002	0.01	1.004	0.035	19.338	-19.049	0.019	0.983	0.026	19.571	-18.817	0.052	1.012	0.093
SN16287	SN2006np	19.065	-19.322	0.46	1.237	0.228	19.498	-18.89	0.028	0.879	0.081	19.487	-18.901	0.014	0.918	0.05	19.339	-19.049	0.061	0.718	0.089	19.855	-18.533	0.157	0.872	0.246
SN3256	SN2005hn	19.775	-18.621	0.512	1.576	0.37	19.48	-18.916	0.055	0.941	0.028	19.602	-18.795	0.03	1.011	0.035	19.469	-18.927	0.016	1.019	0.036	19.67	-18.727	0.1	1.254	0.089
SN739	SN2005ef	0	0	0	0	0	19.242	-19.154	0.047	0.889	0.018	19.334	-19.062	0.031	0.946	0.023	19.338	-19.058	0.027	0.91	0.017	19.629	-18.767	0.074	1.018	0.061
SN1525	none	        18.693	-19.716	0.075	1.811	0.17	19.923	-18.486	0.01	1.731	0.046	19.987	-18.422	0.018	1.573	0.043	19.677	-18.732	0.014	1.834	0.056	19.394	-19.014	0.077	0.861	0.268
SN7147	SN2005jh	18.815	-19.622	0.056	1.002	0.195	19.491	-18.947	0.037	0.857	0.022	19.517	-18.921	0.053	0.864	0.077	19.493	-18.945	0.03	0.969	0.047	19.816	-18.622	0.103	0.943	0.137
SN14871	SN2006jq	19.032	-19.418	0.079	1.189	0.072	19.38	-19.07	0.009	1.163	0.02	19.46	-18.99	0.01	1.171	0.026	19.529	-18.922	0.012	1.189	0.027	19.9	-18.55	0.084	1.16	0.125
SN16641	SN2006pr	19.63	-18.82	0.202	1.319	0.258	19.608	-18.843	0.026	1.019	0.057	19.597	-18.853	0.029	1.197	0.046	19.705	-18.746	0.031	1.201	0.067	19.966	-18.484	0.173	1.094	0.197
SN6520	none     	19.868	-18.582	0.495	1.025	0.276	20.729	-17.721	0.071	0.991	0.072	20.704	-17.747	0.119	1.572	0.319	20.005	-18.445	0.063	1.226	0.111	20.086	-18.364	0.189	0.799	0.362
SN12979	SN2006gf	20.737	-17.833	0.744	1.332	0.311	23.447	-15.124	0.158	1.998	0.219	21.611	-16.96	0.067	0.618	0.049	21.045	-17.525	0.123	0.507	0.111	20.944	-17.626	0.145	1.632	0.421
SN5395	SN2005hr	19.191	-19.391	0.135	1.436	0.169	19.445	-19.137	0.01	1.221	0.026	19.453	-19.129	0.011	1.163	0.018	19.502	-19.08	0.01	1.146	0.019	19.755	-18.827	0.08	1.021	0.097
SN8719	SN2005kp	19.032	-19.565	0.262	1.126	0.158	19.388	-19.21	0.036	0.992	0.032	19.558	-19.04	0.035	1.152	0.063	19.595	-19.003	0.031	1.137	0.049	19.746	-18.851	0.128	0.898	0.118
SN12860	SN2006fc	19.928	-18.681	0.263	0.767	0.261	20.22	-18.389	0.015	1.015	0.029	20.06	-18.549	0.018	1.082	0.03	19.929	-18.68	0.018	1.004	0.025	20.076	-18.533	0.346	1.264	0.171
SN15749	SN2006mw	20.718	-17.891	0.89	1.474	0.519	21.283	-18.227	0.062	0.878	0.19	19.778	-18.831	0.018	0.966	0.03	19.862	-18.747	0.021	0.997	0.049	20.45	-18.159	0.151	0.843	0.373
SN11067	SN2005ml	20.528	-18.092	0.2	1.58	0.53	20.617	-18.004	0.025	1.379	0.225	20.567	-18.054	0.034	1.152	0.169	20.402	-18.219	0.031	1.001	0.152	20.562	-18.058	0.233	0.769	0.325
SN2561	SN2005fv	19.471	-19.154	0.145	1.313	0.288	19.812	-18.812	0.015	1.028	0.03	19.73	-18.895	0.01	0.999	0.021	19.661	-18.963	0.016	1.01	0.021	19.794	-18.83	0.071	1.079	0.076
SN16259	SN2006ol	20.16	-18.469	0.279	1.004	0.369	20.048	-18.58	0.02	0.771	0.055	19.94	-18.688	0.018	0.823	0.061	19.776	-18.852	0.022	0.732	0.066	19.877	-18.751	0.108	1.335	0.32	
SN5549	SN2005hx	19.392	-19.246	0.066	1.005	0.061	19.626	-19.012	0.009	1.009	0.02	19.647	-18.991	0.014	1.081	0.026	19.625	-19.013	0.016	1.031	0.027	19.905	-18.732	0.067	1.087	0.05	
SN1371	SN2005fh	18.119	-20.521	0.125	0.849	0.126	19.012	-19.627	0.011	1.037	0.015	19.17	-19.469	0.015	1.087	0.026	19.29	-19.35	0.015	1.117	0.015	19.472	-19.167	0.058	1.13	0.069
SN14815	SN2006iz	19.111	-19.536	0.09	1.953	0.081	19.537	-19.611	0.009	1.213	0.02	19.576	-19.072	0.01	1.485	0.026	19.6	-19.047	0.014	1.403	0.037	19.674	-18.973	0.051	1.025	0.024
